pop	ID	floral_tube_length	crease_to_top_height	crease_to_bottom_height	tube_height_at_base	tube_height_at_inflection	mouth_angle	platform_angle	upper_petal_angle	tube_width_at_mouth	tube_width_at_base	lower_petal_angle	tube_height_at_mouth	mouth_constriction_angle
129	129-002	NA	NA	NA	NA	NA	NA	NA	NA	NA	2.6	NA	NA	NA
129	129-016A	15.278	3.471	0.98	2.526	3.035	44.871	24.454	152.331	5.361	2.977	162.798	4.451	-20.418
129	129-016B	17.128	3.248	0.715	2.259	2.826	39.014	27.671	153.531	4.685	2.241	167.456	3.963	-11.342
129	129-008	18.606	3.078	1.064	1.713	2.448	55.789	41.117	151.99	3.81	2.04	152.221	4.143	-14.672
129	129-003	18.627	3.846	1.231	2.174	2.461	32.692	32.692	149.745	4.267	2.904	177.563	5.077	0
129	129-004	19.459	3.94	1.533	2.552	3.703	52.819	52.819	150.682	5.435	2.973	156.5	5.473	0
129	129-009	18.999	3.531	2.395	2.028	3.514	54.952	54.952	158.736	NA	2.841	146.313	5.926	0
129	129-012	18.633	3.52	1.665	2.736	4.103	51.386	51.386	151.588	4.806	2.8	157.027	5.185	0
129	129-006A	21.652	3.409	1.61	2.135	3.382	76.889	41.857	143.165	5.441	2.459	139.946	5.019	-35.032
129	129-006B	NA	NA	NA	2.534	3.557	NA	NA	NA	5.832	2.928	NA	NA	NA
129	129-010	17.868	3.322	1.291	2.087	3.441	61.097	44.81	157.625	5.458	2.678	141.278	4.612	-16.287
129	129-015A	18.084	3.339	1.599	2.109	3.236	67.291	58.008	145.322	5.961	3.132	147.387	4.938	-9.282
129	129-015B	18.605	4.394	1.57	2.015	3.264	49.016	39.856	156.264	4.291	2.654	154.721	5.963	-9.16
129	129-014A	17.018	3.399	0.889	1.695	2.92	60.139	41.604	151.378	NA	NA	148.483	4.288	-18.535
129	129-014B	18.795	3.569	1.744	1.9	3.332	64.533	64.533	145.786	5.131	2.943	149.682	5.313	0
129	129-007A	18.287	3.195	1.039	2.176	2.931	NA	NA	NA	4.743	2.352	NA	4.235	NA
129	129-007B	17.594	3.752	1.115	2.382	3.327	42.757	32.171	155.18	4.563	2.589	162.063	4.867	-10.586
129	129-005	18.239	2.822	1.747	1.572	3.001	61.373	48.922	149.855	5.612	2.289	148.772	4.569	-12.451
129	129-013	19.071	4.098	1.052	2.117	2.58	46.594	31.756	154.702	4.825	3.202	158.705	5.15	-14.838
129	129-011	20.517	4.31	1.197	1.943	3.267	63.176	43.998	142.657	5.35	2.808	154.168	5.507	-19.178
129	129-001A	18.709	3.464	0.881	2.602	2.716	40.768	29.658	160.326	4.471	2.364	158.907	4.345	-11.109
129	129-001B	18.84	3.266	1.27	2.059	2.805	73.874	50.723	148.046	4.822	3.355	138.081	4.537	-23.15
129	129-038A	32.924	5.266	3.043	3.734	4.301	38.192	38.192	151.763	6.936	4.24	170.045	8.309	0
129	129-038B	31.336	NA	NA	3.022	3.705	NA	NA	NA	6.774	3.881	NA	NA	NA
129	129-018	17.64	2.576	1.833	2.412	3.078	48.141	48.141	167.226	5.18	3.513	144.634	4.408	0
129	129-019	17.676	3.094	1.429	2.771	2.85	58.266	47.083	141.445	5.997	3.748	160.289	4.523	-11.183
129	129-032	27.279	7.043	2.184	3.454	4.83	84.105	55.33	118.348	6.989	3.757	157.547	9.227	-28.775
129	129-045	23.924	5.792	1.998	2.669	3.928	61.886	42.683	134.793	5.254	3.586	163.321	7.79	-19.203
129	129-033	26.805	6.4	1.29	3.137	5.589	83.07	35.884	126.662	6.78	3.34	150.268	7.69	-47.186
129	129-020	18.933	5.115	1.115	3.346	4.928	NA	NA	NA	5.599	3.208	NA	6.23	NA
129	129-022	24.778	7.709	0.879	3.257	5.68	56.129	30.883	134.029	7.28	3.487	169.842	8.588	-25.246
129	129-051	NA	NA	NA	NA	NA	NA	NA	NA	NA	NA	NA	NA	NA
129	129-030	26.272	7.79	1.244	3.268	NA	NA	NA	NA	6.317	3.559	NA	9.034	NA
129	129-024	NA	NA	NA	NA	NA	NA	NA	NA	NA	NA	NA	NA	NA
129	129-027	NA	7.851	1.809	NA	5.021	70.484	41.44	125.644	6.283	2.909	163.872	9.66	-29.044
129	129-017A	24.989	5.765	1.975	3.226	4.322	52.885	41.281	154.673	6.613	3.364	152.442	7.74	-11.604
129	129-017B	24.309	5.03	2.121	3.133	4.678	46.165	46.165	152.161	6.24	3.556	161.675	7.151	0
129	129-049	23.83	5.594	1.637	3.813	4.748	51.398	24.84	149.632	7.624	3.595	158.97	7.231	-26.558
129	129-023	NA	4.116	1.88	3.155	4.398	NA	NA	NA	5.114	2.984	NA	5.996	NA
129	129-044	NA	NA	NA	NA	NA	NA	NA	NA	NA	NA	NA	NA	NA
129	129-047	26.394	7.518	1.426	3.524	4.509	49.258	26.292	140.478	8.29	3.979	170.265	8.943	-22.966
129	129-029	26.933	5.897	1.019	2.744	4.314	32.189	17.649	151.46	6.573	3.408	176.351	6.916	-14.539
129	129-021	NA	NA	NA	NA	NA	NA	NA	NA	NA	NA	NA	NA	NA
129	129-041	23.969	6.897	1.422	3.19	5.498	58.393	27.582	132.679	6.976	4.159	168.929	8.319	-30.811
129	129-025A	27.589	7.989	1.165	3.416	4.187	54.132	17.238	150.409	7.196	3.957	155.459	9.154	-36.894
129	129-025B	27.998	7.238	1.477	3.083	4.333	53.177	23.237	146.442	6.803	3.604	160.381	8.714	-29.94
129	129-040	24.65	8.502	1.306	4.186	5.423	63.789	37.647	137.925	7.307	3.558	158.286	9.808	-26.142
129	129-042	29.475	NA	NA	3.398	4.669	NA	NA	NA	NA	3.923	NA	NA	NA
129	129-031A	26.313	6.435	1.185	2.949	3.365	65.587	29.375	148.971	NA	4.014	145.442	7.62	-36.212
129	129-031B	26.541	5.035	1.661	3.013	NA	75.775	49.795	138.404	6.416	4.95	145.821	6.696	-25.98
129	129-028	22.176	6.526	0.554	2.524	4.794	57.297	24.75	142.661	NA	3.522	160.042	7.079	-32.547
129	129-037	27.533	6.005	2.321	3.112	4.792	85.307	63.118	128.934	6.789	3.776	145.759	8.327	-22.188
129	129-026	25.551	6.672	1.036	2.91	4.793	65.304	26.474	141.281	6.19	3.376	153.415	7.708	-38.831
129	129-036	NA	NA	NA	NA	NA	NA	NA	NA	NA	NA	NA	NA	NA
129	129-043A	25.054	8.066	0.861	3.294	4.571	67.312	30.631	122.754	6.39	3.396	169.934	8.927	-36.681
129	129-043B	24.988	NA	NA	3.056	4.968	NA	NA	NA	7.032	3.644	NA	NA	NA
129	129-039	24.39	3.585	1.881	4.132	5.09	74.228	32.975	142.692	7.218	2.671	143.081	5.466	-41.253
129	129-035	NA	NA	NA	NA	NA	NA	NA	NA	NA	NA	NA	NA	NA
129	129-050	26.352	6.22	2.358	3.049	4.748	51.691	30.714	164.012	7.261	4.19	144.297	8.578	-20.977
129	129-046	24.905	6.382	1.283	3.038	4.815	47.971	26.822	147.076	NA	4.266	164.953	7.665	-21.149
129	129-034	30.424	5.976	1.556	3.107	4.65	65.696	27.96	138.211	7.886	4.448	156.093	7.531	-37.736
129	129-048	24.216	5.752	1.961	2.49	4.663	53.921	30.079	149.874	6.738	3.474	156.206	7.713	-23.842
129	129-072A	22.721	4.194	1.806	2.188	3.501	55.752	47.135	147.935	5.835	2.56	156.313	6	-8.617
129	129-072B	22.289	3.409	1.814	1.626	3.207	35.197	35.197	150.348	6.111	2.705	174.455	5.223	0
129	129-071A	20.324	3.084	2.212	1.994	3.595	52.708	52.708	151.298	5.327	2.593	155.994	5.295	0
129	129-071B	19.571	3.204	2.5	1.652	3.219	36.643	36.643	156.793	5.587	2.948	166.564	5.704	0
129	129-063A	19.788	3.274	2.823	2.249	3.207	45.629	45.629	151.528	6.148	2.981	162.843	6.097	0
129	129-063B	18.453	3.069	2.509	2.35	2.914	45.597	45.597	153.653	6.738	3.13	160.75	5.577	0
129	129-067A	18.571	3.65	1.752	1.743	2.669	81.929	64.568	138.631	5.094	2.616	139.44	5.402	-17.361
129	129-067B	19.089	3.908	1.735	1.819	3.196	77.388	62.773	145.239	5.481	2.588	137.373	5.642	-14.615
129	129-064A	20.243	3.949	1.607	1.838	2.763	85.102	58.824	137.191	5.925	2.913	137.708	5.556	-26.278
129	129-064B	20.386	3.354	1.518	1.869	2.933	70.053	50.046	141.711	6.484	2.788	148.237	4.872	-20.007
129	129-080A	20.941	2.569	2.125	1.529	1.817	64.671	64.671	154.269	5.945	2.971	141.06	4.694	0
129	129-080B	20.373	3.969	1.565	1.847	2.602	78.872	61.301	129.673	5.822	2.981	151.456	5.534	-17.57
129	129-065A	17.91	2.73	1.479	1.503	2.999	59.705	59.705	151.46	5.182	2.823	148.834	4.209	0
129	129-065B	17.374	2.442	1.332	1.759	2.661	44.601	44.601	149.435	5.086	2.268	165.964	3.773	0
129	129-053A	20.501	3.466	1.897	1.841	2.763	46.989	46.989	158.348	5.177	2.61	154.663	5.363	0
129	129-053B	20.432	3.41	1.558	2.037	2.56	33.355	33.355	157.976	5.553	2.583	168.669	4.968	0
129	129-074A	21.823	3.995	1.718	1.957	3.939	48.9	34.513	148.222	6.265	2.538	162.878	5.712	-14.387
129	129-074B	21.717	2.951	1.575	1.645	3.726	62.273	38.716	149.327	6.51	2.665	148.4	4.526	-23.558
129	129-069A	18.763	3.221	1.483	1.78	3.408	38.925	38.925	157.697	5.663	3.123	163.378	4.705	0
129	129-069B	18.962	2.481	2.298	1.77	3.446	46.934	46.934	150.611	5.652	2.949	162.455	4.779	0
129	129-068A	20.131	3.276	1.867	1.958	2.72	46.518	46.518	150.95	6.358	3.218	162.532	5.143	0
129	129-068B	20.502	3.693	1.795	1.907	3.072	90.86	62.134	145.838	6.221	2.911	123.301	5.489	-28.726
129	129-073A	18.55	2.914	1.65	1.724	3.223	45.15	45.15	146.16	6.707	2.789	168.69	4.564	0
129	129-073B	18.074	2.151	1.959	1.907	2.942	54.646	54.646	150.115	6.468	2.888	155.239	4.11	0
129	129-052A	17.694	3.386	1.99	1.853	3.73	39.392	39.392	143.649	5.483	3.469	176.959	5.376	0
129	129-052B	18.36	2.783	2.176	1.82	3.554	38.913	38.913	145.326	5.787	3.695	175.761	4.959	0
129	129-054A	19.311	3.383	1.592	1.643	3.219	73.453	46.735	146.461	5.05	2.453	140.086	4.975	-26.718
129	129-054B	19.227	3.635	1.581	1.972	3.248	45.14	45.14	149.731	5.023	2.949	165.129	5.216	0
129	129-056A	19.148	3.698	1.556	1.935	3.045	43.286	43.286	142.309	6.116	3.637	174.405	5.254	0
129	129-056B	19.4	3.662	1.359	1.769	2.755	53.525	40.52	145.437	5.65	3.543	161.038	5.021	-13.005
129	129-060A	20.223	3.297	1.293	1.407	3.561	25.691	25.691	156.584	4.923	2.884	177.725	4.59	0
129	129-060B	20.684	3.239	1.299	1.422	3.734	37.862	37.862	141.991	5.017	2.592	180.148	4.538	0
129	129-076A	16.744	3.147	1.365	1.989	2.909	65.87	53.37	144.264	4.815	2.742	149.867	4.512	-12.5
129	129-076B	17.029	2.525	1.721	1.946	2.993	52.855	52.855	152.927	4.981	2.983	154.219	4.246	0
129	129-077A	20.844	3.161	2.424	2.387	3.649	56.722	56.722	144.499	6.357	3.416	158.779	5.586	0
129	129-077B	20.773	2.987	2.612	1.821	2.977	45.889	45.889	153.309	5.721	3.282	160.802	5.599	0
129	129-066A	19.93	3.078	1.132	1.847	2.641	69.28	42.032	141.806	4.52	2.288	148.913	4.21	-27.249
129	129-066B	20.445	2.808	1.386	1.893	2.761	70.969	48.195	142.708	5.184	2.511	146.323	4.194	-22.774
129	129-062A	19.795	3.377	1.631	1.994	3.493	58.616	58.616	150.633	5.971	3.138	150.752	5.008	0
129	129-062B	20.238	3.637	1.39	1.838	3.281	92.521	66.138	136.681	5.49	2.688	130.798	5.028	-26.383
129	129-055A	19.981	3.391	1.647	1.839	NA	55.981	35.749	153.638	5.083	2.946	150.381	5.037	-20.231
129	129-055B	19.639	3.238	1.975	2.055	3.031	38.851	38.851	158.973	4.999	3.009	162.177	5.213	0
129	129-057A	18.409	3.515	1.441	1.803	2.705	37.111	37.111	152.604	5.815	2.826	170.284	4.956	0
129	129-057B	18.565	3.711	1.463	1.651	2.685	50.732	50.732	145.859	5.485	3.231	163.409	5.174	0
129	129-059A	19.615	3.276	1.523	1.671	2.997	67.86	56.856	138.974	5.443	3.001	153.166	4.799	-11.004
129	129-059B	20.347	3.469	1.257	1.548	3.156	62.897	48.459	138.732	5.958	3.286	158.371	4.726	-14.439
129	129-058A	20.171	3.703	1.574	1.776	2.639	80.931	50.182	149.699	6.203	3.147	129.371	5.277	-30.749
129	129-058B	20.409	3.547	1.498	1.987	2.296	58.333	42.546	156.74	6.604	2.887	144.927	5.045	-15.788
129	129-061A	20.298	3.091	1.514	1.767	3.581	65.353	43.187	150.786	5.642	2.627	143.861	4.605	-22.165
129	129-061B	19.861	2.511	1.848	1.938	3.363	76.29	76.29	148.04	5.428	2.461	135.67	4.359	0
129	129-078A	19.57	2.552	1.762	1.507	2.801	56.383	56.383	142.745	4.646	2.923	160.873	4.314	0
129	129-078B	18.982	2.006	1.64	1.933	2.186	29.178	29.178	157.629	4.208	2.636	173.193	3.646	0
129	129-075A	18.989	3.422	1.354	1.752	2.806	57.689	57.689	145.592	6.03	2.562	156.719	4.777	0
129	129-075B	20.065	3.185	1.68	1.66	2.736	49.139	49.139	153.825	5.981	2.571	157.036	4.865	0
129	129-079A	20.086	3.247	1.704	1.935	3.096	58.183	48.697	150.884	5.242	2.499	150.933	4.951	-9.485
129	129-079B	19.506	3.643	1.663	1.744	2.913	47.778	47.778	145.899	5.566	2.939	166.323	5.306	0
129	129-070A	20.226	3.648	1.629	1.876	2.874	60.354	42.138	148.887	4.583	2.602	150.759	5.277	-18.217
129	129-070B	19.817	3.121	1.225	1.931	3.168	63.363	51.078	139.864	5.842	2.695	156.773	4.346	-12.285
129	129-128A	24.641	4.837	2	2.189	3.314	72.236	48.06	144.765	6.492	3.478	142.999	6.836	-24.176
129	129-128B	22.861	5.683	0.619	3.034	4.322	58.285	28.316	152.855	6.657	4.125	148.861	6.302	-29.969
129	129-089A	22.169	3.572	2.145	2.322	3.765	45.194	45.194	167.067	5.488	3.469	147.739	5.716	0
129	129-089B	21.625	4.45	1.476	2.462	3.846	49.611	37.081	160.26	6.114	3.333	150.129	5.926	-12.53
129	129-081A	22.384	4.978	2.639	4.165	5.029	41.934	41.934	150.623	7.899	3.558	167.444	7.618	0
129	129-081B	23.039	5.294	2.208	3.623	4.865	71.856	47.874	141.898	7.196	3.786	146.246	7.502	-23.982
129	129-083A	22.862	5.76	1.843	3.24	5.134	74.578	52.041	128.943	6.263	3.77	156.48	7.604	-22.537
129	129-083B	21.5	4.914	1.96	3.194	4.651	82.992	41.204	139.753	6.342	3.708	137.255	6.874	-41.789
129	129-085A	20.171	3.409	1.836	2.511	3.703	57.542	57.542	147.607	7.759	3.103	154.851	5.244	0
129	129-085B	19.575	2.593	1.844	2.283	3.668	48.518	48.518	158.276	7.354	3.179	153.206	4.437	0
129	129-088A	19.502	4.371	1.644	2.293	3.715	61.629	61.629	153.445	6.101	3.523	144.926	6.016	0
129	129-088B	19.685	3.197	2.309	2.618	3.655	42.746	42.746	156.234	5.536	3.358	161.021	5.505	0
129	129-103A	22.039	3.559	2.137	2.533	3.929	74.429	74.429	133.684	6.814	3.405	151.887	5.695	0
129	129-103B	21.288	3.518	2.007	2.388	4.177	60.583	60.583	140.12	6.871	3.458	159.297	5.525	0
129	129-101A	20.957	3.521	2.564	2.556	4.067	42.824	42.824	163.073	6.053	3.515	154.103	6.085	0
129	129-101B	20.853	4.472	1.946	2.65	4.341	49.107	49.107	156.615	6.015	3.49	154.279	6.418	0
129	129-137A	26.528	6.066	3.616	3.567	5.842	87.326	71.62	131.358	9.34	4.24	141.316	9.682	-15.705
129	129-086A	23.258	2.604	3.311	2.738	4.018	57.72	57.72	151.941	6.351	4.087	150.34	5.916	0
129	129-086B	20.686	4.282	1.554	2.056	3.942	56.046	56.046	149.737	6.004	3.642	154.217	5.836	0
129	129-113A	24.46	3.927	2.013	3.255	4.054	57.618	38.488	146.173	8.196	3.094	156.209	5.939	-19.13
129	129-093A	22.356	3.174	1.854	2.858	3.587	49.931	33.812	157.174	6.421	3.873	152.895	5.029	-16.118
129	129-093B	21.796	3.228	1.791	2.804	3.279	34.93	23.194	166.003	6.438	3.557	159.067	5.019	-11.736
129	129-094A	20.343	3.627	1.591	2.171	3.447	67.7	56.547	148.565	6.13	3.341	143.735	5.218	-11.153
129	129-094B	20.459	2.165	2.729	2.184	3.546	51.165	51.165	154.16	5.783	3.679	154.675	4.893	0
129	129-099A	21.961	4.656	1.658	2.546	3.63	56.293	45.299	152.168	5.298	3.231	151.539	6.315	-10.994
129	129-099B	21.742	4.353	1.998	2.458	3.861	54.69	54.69	151.346	4.829	3.372	153.964	6.351	0
129	129-106A	25.741	5.069	2.386	2.93	4.693	50.849	32.797	150.548	7.423	3.321	158.603	7.455	-18.052
129	129-112A	23.762	5.04	1.762	3.54	4.405	59.421	40.477	146.218	7.359	2.614	154.362	6.802	-18.944
129	129-112B	23.76	4.542	1.473	2.966	4.062	54.186	32.202	155.733	7.984	3.285	150.081	6.015	-21.984
129	129-091A	20.732	3.494	1.686	1.857	3.289	56.421	41.737	154.437	5.197	2.7	149.143	5.18	-14.684
129	129-091B	20.684	3.598	1.83	2.304	4.16	58.128	44.536	153.186	5.432	3.159	148.687	5.428	-13.592
129	129-121A	28.733	7.614	2.166	3.979	5.511	104.162	48.033	136.488	9.733	4.596	119.35	9.779	-56.13
129	129-121B	28.084	6.7	3.978	3.401	4.054	87.627	62.984	131.711	9.889	5.01	140.662	10.678	-24.644
129	129-148A	24.581	4.981	2.255	3.315	4.147	81.184	49.1	132.013	8.116	4.109	146.803	7.236	-32.084
129	129-123A	26.678	7.607	1.956	3.561	5.323	83.92	38.506	133.986	NA	4.379	142.095	9.563	-45.413
129	129-126A	23.441	5.45	1.463	3.144	4.167	51.907	27.963	142.387	7.1	2.731	165.706	6.913	-23.944
129	129-095A	23.023	2.665	2.099	2.348	3.82	50.858	50.858	155.38	5.919	3.111	153.763	4.764	0
129	129-095B	22.932	2.883	1.774	2.212	3.445	56.388	41.677	156.787	5.79	3.111	146.825	4.657	-14.711
129	129-139A	28.343	7.729	2.028	3.329	6.867	68.978	37.87	137.244	8.578	4.657	153.778	9.757	-31.108
129	129-141A	28.644	7.321	2.046	2.868	5.507	80.321	40.628	137.165	7.171	4.362	142.515	9.367	-39.693
129	129-141B	28.867	7.762	2.204	3.696	5.98	57.456	35.044	145.112	8.571	4.57	157.433	9.966	-22.412
129	129-109A	25.066	6.278	1.382	3.743	4.923	72.29	36.301	140.26	7.425	5.087	147.45	7.66	-35.989
129	129-109B	25.573	5.991	0.865	3.374	4.324	70.719	34.806	140.717	6.793	4.332	148.563	6.856	-35.913
129	129-116A	20.99	5.067	1.294	3.114	4.292	87.265	47.83	140.195	5.17	3.842	132.541	6.361	-39.435
129	129-116B	21.095	3.985	1.594	2.478	3.595	63.339	38.915	145.802	5.128	3.819	150.86	5.579	-24.424
129	129-096A	21.021	2.87	1.614	2.512	3.624	42.881	42.881	159.238	5.419	3.083	157.881	4.483	0
129	129-096B	21.752	2.563	1.751	2.236	2.92	70.944	70.944	150.866	5.527	2.755	138.19	4.314	0
129	129-135A	27.62	7.347	2.258	3.895	5.894	63.146	36.591	133.24	9.633	4.564	163.614	9.606	-26.555
129	129-135B	29.027	8.288	1.638	3.463	5.583	79.683	39.77	137.319	9.97	4.134	142.998	9.926	-39.913
129	129-117A	25.455	5.021	0.917	2.168	3.14	60.608	40.88	133.574	6.631	2.886	165.818	5.938	-19.729
129	129-117B	23.298	4.118	3.089	2.433	3.262	70.951	70.951	145.931	6.77	2.912	143.117	7.207	0
129	129-111A	26.809	5.658	2.119	3.513	4.881	81.085	35.979	141.911	10.25	4.712	137.004	7.777	-45.106
129	129-111B	26.497	6.565	4.174	3.709	5.824	NA	NA	NA	10.232	3.909	NA	10.739	NA
129	129-115A	23.424	4.564	1.848	2.706	4.116	36.31	17.685	164.209	7.262	3.539	159.481	6.412	-18.625
129	129-115B	23.861	5.049	2.149	3.139	4.245	55.095	31.899	145.626	7.539	2.937	159.279	7.198	-23.196
129	129-131A	22.579	5.319	2.758	3.53	4.987	64.327	28.282	152.32	6.536	3.709	143.353	8.077	-36.045
129	129-130A	21.31	5.235	0.846	2.543	3.695	61.933	30.742	147.656	7.11	3.268	150.41	6.081	-31.191
129	129-136A	26.674	8.201	1.994	3.7	4.739	104.049	53.489	122.779	7.905	3.853	133.172	10.195	-50.559
129	129-136B	28.089	6.686	2.938	3.108	4.986	86.537	40.097	139.94	7.572	4.181	133.522	9.624	-46.441
129	129-143A	27.666	6.953	2.481	3.56	4.506	68.919	39.434	136.675	6.928	3.913	154.406	9.435	-29.486
129	129-143B	27.14	6.215	2.004	3.164	3.907	71.635	36.877	143.812	6.522	3.513	144.553	8.219	-34.758
129	129-150A	29.134	7.937	1.965	3.741	5.223	70.751	40.375	133.98	7.556	3.597	155.269	9.903	-30.375
129	129-150B	28.984	9.354	2.012	4.757	6.271	88.538	62.158	113.462	NA	NA	158.001	11.365	-26.38
129	129-146A	26.404	7.183	1.666	4.159	6.678	45.592	21.877	149.903	8.396	3.609	164.505	8.848	-23.714
129	129-146B	26.436	6.812	1.9	4.074	6.405	65.435	40.717	137.744	8.58	4.058	156.821	8.713	-24.718
129	129-110A	26.67	4.259	2.653	2.886	3.752	71.678	53.932	142.944	7.715	3.7	145.378	6.912	-17.747
129	129-110B	26.738	4.675	2.206	3.285	4.293	47.024	47.024	145.037	8.211	3.337	167.939	6.88	0
129	129-142A	23.135	4.73	1.707	2.52	3.832	42.469	29.355	147.951	6.358	3.19	169.579	6.437	-13.115
129	129-142B	24.482	6.06	2.019	2.859	4.285	41.816	32.114	158.197	6.603	3.326	159.987	8.079	-9.702
129	129-132A	21.724	4.001	2.375	2.578	4.874	74.136	46.402	137.78	6.606	3.547	148.084	6.376	-27.735
129	129-132B	22.57	5.105	1.734	2.579	4.823	75.53	39.382	135.999	6.64	3.149	148.471	6.839	-36.149
129	129-129A	25.097	6.72	1.722	2.934	4.542	35.103	24.458	156.756	7.154	3.755	168.141	8.441	-10.645
129	129-129B	24.588	5.71	3.202	3.531	5.035	53.838	53.838	142.956	7.445	3.925	163.206	8.912	0
129	129-100A	23.055	4.469	1.308	2.456	3.714	63.538	45.232	143.027	5.893	2.798	153.435	5.777	-18.306
129	129-100B	22.589	4.173	1.819	2.199	3.604	63.756	47.739	143.952	6.107	2.834	152.292	5.993	-16.017
129	129-125A	22.857	5.614	1.431	2.382	3.786	76.059	49.597	145.274	5.678	3.468	138.667	7.046	-26.463
129	129-120A	20.932	3.471	2.169	1.947	3.205	61.996	47.871	155.149	4.849	2.794	142.855	5.64	-14.124
129	129-120B	22.038	3.934	1.377	2.073	3.061	63.627	52.546	143.201	4.563	2.518	153.172	5.31	-11.082
129	129-138A	20.739	3.962	1.677	2.492	3.617	41.7	41.7	165.687	6.617	3.451	152.613	5.639	0
129	129-138B	22.701	4.849	1.397	2.324	3.807	38.154	38.154	160.963	5.815	3.317	160.884	6.246	0
129	129-133A	25.052	6.371	3.118	3.92	5.366	52.174	52.174	148.617	9.918	4.03	159.21	9.49	0
129	129-133B	26.185	6.877	2.576	3.796	5.407	68.684	41.648	135.514	9.916	4.202	155.803	9.453	-27.035
129	129-145A	26.309	5.621	2.072	4.332	5.236	61.022	33.818	148.746	8.835	3.614	150.232	7.693	-27.204
129	129-145B	25.633	6.026	1.987	3.808	5.621	83.57	36.892	136.945	8.17	3.992	139.485	8.013	-46.678
129	129-124A	22.885	4.647	2.08	3.229	3.542	36.257	36.257	154.881	8.528	2.747	168.862	6.727	0
129	129-124B	22.563	3.571	1.974	2.716	3.353	21.462	21.462	168.253	7	2.694	170.285	5.545	0
129	129-122A	25.255	6.408	1.27	2.464	4.939	NA	NA	NA	7.009	4.25	NA	7.678	NA
129	129-122B	22.686	5.036	1.751	2.629	4.276	53.262	33.287	150.705	6.425	3.275	156.033	6.787	-19.975
129	129-098A	22.898	5.126	2.122	2.74	4.486	79.421	56.237	153.728	5.875	3.588	126.851	7.248	-23.184
129	129-098B	21.212	4.547	1.678	2.075	3.49	76.009	50.577	150.469	4.868	3.094	133.521	6.225	-25.433
129	129-144A	25.952	7.352	2.947	4.706	7.075	73.021	40.881	141.778	9.954	3.47	145.201	10.299	-32.14
129	129-147A	22.684	6.223	1.968	2.545	3.894	75.132	30.259	147.933	9.014	4.501	136.935	8.191	-44.873
129	129-147B	24.385	4.747	2.969	3.847	5.436	44.936	26.542	158.787	8.652	3.913	156.277	7.716	-18.394
129	129-149A	25.613	7.288	3.045	4.008	7.08	74.148	40.124	143.698	8.016	4.39	142.154	10.333	-34.024
129	129-149B	26.596	7.064	2.816	4.67	7.774	71.434	35.763	144.618	8.431	4.055	143.948	9.88	-35.671
129	129-082A	19.752	3.777	1.744	2.125	3.781	75.035	60.322	142.479	4.264	3.584	142.486	5.521	-14.713
129	129-082B	20.056	3.491	1.536	2.11	3.5	65.383	51.857	141.748	4.826	3.273	152.869	5.027	-13.526
129	129-092A	17.543	2.961	2.776	2.587	4.341	62.445	62.445	160.097	5.827	3.064	137.459	5.737	0
129	129-092B	18.864	4.182	2.393	2.199	3.63	38.561	38.561	153.592	5.074	2.68	167.847	6.575	0
129	129-097A	19.442	3.879	1.401	2.272	3.739	69.796	50.479	139.633	6.471	2.787	150.571	5.279	-19.317
129	129-097B	19.982	3.376	1.828	2.475	3.863	63.195	40.606	145.103	6.291	3.086	151.702	5.204	-22.589
129	129-134A	29.615	6.076	1.198	4.015	4.985	NA	NA	NA	8.308	3.154	NA	7.274	NA
129	129-134B	29.887	6.048	1.277	3.815	4.82	NA	NA	NA	8.767	3.276	NA	7.325	NA
129	129-087A	23.55	3.623	1.124	1.819	3.267	47.186	34.967	153.732	5.017	2.81	159.082	4.748	-12.22
129	129-087B	22.104	2.819	2.011	2.103	3.743	54.134	54.134	143.564	4.693	3.314	162.302	4.83	0
129	129-119A	23.244	3.866	1.609	2.474	3.849	66.763	32.469	145.804	7.267	3.592	147.433	5.475	-34.294
129	129-119B	22.838	3.836	1.694	1.921	3.469	54.676	25.912	152.622	6.315	3.448	152.702	5.53	-28.764
129	129-090A	25.526	4.778	1.682	2.434	3.463	84.164	46.441	149.726	6.452	3.159	126.11	6.46	-37.723
129	129-084A	21.793	2.663	1.648	1.952	2.91	42.709	33.048	159.605	5.109	2.591	157.685	4.311	-9.661
129	129-084B	21.267	2.703	1.763	1.596	2.857	77.552	53.669	145.822	5.346	2.456	136.626	4.467	-23.884
129	129-108A	23.308	6.277	2.364	2.204	3.393	78.769	39.948	142.675	5.797	4.078	138.556	8.641	-38.821
129	129-107A	20.728	3.316	2.754	2.49	3.403	77.107	77.107	142.825	5.885	3.147	140.068	6.07	0
129	129-107B	19.65	3.895	1.978	2.297	3.202	69.451	69.451	152.998	5.199	2.808	137.551	5.874	0
129	129-104A	22.327	3.784	1.597	2.221	3.364	72.736	47.641	152.437	6.966	3.584	134.827	5.381	-25.095
129	129-104B	21.48	4.522	1.333	2.373	3.508	65.683	44.559	143.557	6.01	3.051	150.76	5.855	-21.124
129	129-118A	19.016	3.541	2.185	2.33	3.639	72.283	48.418	148.139	5.821	2.753	139.578	5.725	-23.865
129	129-118B	21.176	3.844	2.245	2.628	3.155	64.961	41.981	162.121	6.39	3.316	132.917	6.089	-22.98
129	129-127A	23.099	4.887	1.65	2.419	3.892	38.337	24.497	150.464	6.893	3.922	171.2	6.536	-13.84
129	129-127B	24.02	5.037	1.327	2.573	4.128	53.047	29.94	146.502	6.797	3.283	160.451	6.363	-23.107
129	129-105A	22.743	4.42	1.543	2.278	3.247	NA	NA	NA	5.742	3.994	NA	5.963	NA
129	129-105B	21.964	3.691	2.083	2.462	3.46	38.454	38.454	155.333	6.059	3.196	166.214	5.774	0
129	129-140A	24.989	5.525	1.457	2.15	3.674	NA	NA	NA	5.144	2.745	NA	6.982	NA
129	129-140B	24.353	5.34	2.162	2.245	3.827	68.361	57.446	146.837	5.476	3.088	144.802	7.502	-10.915
129	129-102A	21.633	3.637	2.734	2.418	4.082	27.673	27.673	159.439	4.783	3.432	172.889	6.371	0
129	129-102B	19.908	3.398	1.865	2.366	3.437	43.351	43.351	161.497	NA	NA	155.152	5.263	0
129	129-114A	23.482	4.33	1.905	1.694	3.362	67.11	55.978	132.001	5.265	3.964	160.889	6.235	-11.132
129	129-114B	23.023	3.821	1.702	1.951	3.238	64.89	43.734	140.488	6	3.326	154.622	5.523	-21.156
131	131-006A	17.521	3.094	1.155	1.64	3.203	55.852	34.2	150.14	4.52	2.322	154.009	4.249	-21.652
131	131-006B	18.232	3.795	0.949	1.403	2.804	74.48	38.116	143.96	5.019	2.292	141.56	4.743	-36.364
131	131-023A	17.371	3.501	1.931	1.921	3.148	73.053	53.807	151.443	4.962	2.561	135.504	5.431	-19.246
131	131-023B	16.927	3.593	1.442	1.875	2.919	77.91	61.644	144.406	4.23	2.283	137.684	5.035	-16.266
131	131-031A	20.845	2.363	1.59	1.608	2.786	56.332	38.272	156.185	5.651	2.215	147.484	3.954	-18.06
131	131-031B	19.153	2.417	1.731	1.618	2.713	62.905	62.905	143.924	5.304	2.318	153.172	4.148	0
131	131-021A	18.475	2.777	2.003	2.047	3.32	62.112	62.112	149.994	4.655	2.936	147.894	4.78	0
131	131-021B	18.203	2.883	2.426	1.948	2.846	66.456	66.456	146.881	4.75	2.935	146.663	5.309	0
131	131-009A	16.929	3.473	1.637	2.031	3.256	60.131	60.131	143.94	4.492	2.268	155.929	5.11	0
131	131-009B	18.331	2.385	1.069	1.72	3.131	63.995	45.176	155.033	7.226	2.281	140.973	3.454	-18.819
131	131-004A	16	2.567	1.661	1.44	2.985	61.276	49.414	150.668	4.681	2.397	148.056	4.228	-11.862
131	131-004B	16.27	3.348	1.288	1.477	3.044	43.064	43.064	149.512	5.009	2.408	167.425	4.636	0
131	131-008A	19.75	2.492	1.634	1.773	2.792	69.656	69.656	141.587	4.724	1.996	148.757	4.127	0
131	131-008B	19.275	2.399	1.595	1.88	2.892	82.007	63.163	137.256	4.963	2.056	140.737	3.994	-18.844
131	131-019A	18.475	3.174	1.473	1.855	3.215	66.835	54.65	135.72	5.154	2.723	157.445	4.647	-12.185
131	131-019B	18.201	2.913	2.007	1.987	3.632	41.891	41.891	154.28	4.925	2.561	163.83	4.92	0
131	131-001A	20.556	3.911	1.923	2.143	4.026	31.409	31.409	155.991	6.278	3.108	172.6	5.833	0
131	131-001B	19.751	3.305	1.723	2.269	3.752	43.696	43.696	152.923	6.33	2.762	163.381	5.028	0
131	131-015A	19.787	3.334	1.5	1.924	2.927	47.831	47.831	142.133	5.766	2.707	170.036	4.833	0
131	131-015B	18.782	3.279	1.408	1.356	2.967	44.527	44.527	158.757	5.405	2.226	156.716	4.687	0
131	131-011A	21.283	2.766	1.626	2.041	3.002	53.433	42.302	148.12	5.925	2.451	158.447	4.392	-11.13
131	131-011B	21.689	4.167	0.703	2.201	2.71	63.065	40.423	145.962	5.978	2.5	150.973	4.87	-22.642
131	131-026A	16.022	3.042	1.191	1.785	3.335	49.712	49.712	151.06	5.829	2.528	159.228	4.232	0
131	131-026B	16.129	3.36	1.349	1.962	3.673	58.23	42.601	154.842	5.543	2.661	146.928	4.709	-15.629
131	131-013A	18.47	3.177	1.142	1.902	2.87	47.46	47.46	146.83	5.265	2.744	165.71	4.319	0
131	131-013B	18.501	3.079	1.396	1.439	2.73	52.366	52.366	150.258	5.54	2.729	157.376	4.475	0
131	131-032A	19.2	2.554	1.953	1.61	2.782	42.959	42.959	151.55	4.858	2.743	165.49	4.508	0
131	131-032B	18.231	3.352	1.092	1.572	2.922	47.811	35.677	153.141	4.574	2.7	159.048	4.444	-12.133
131	131-033A	17.959	4.058	1.475	1.663	2.81	47.815	47.815	156.323	4.614	2.575	155.862	5.533	0
131	131-033B	18.798	4.205	1.497	1.825	2.921	32.232	32.232	164.8	5.494	2.953	162.968	5.702	0
131	131-036A	16.17	2.47	1.429	1.818	3.105	56.859	56.859	149.055	6.04	2.534	154.087	3.899	0
131	131-036B	19.076	3.15	1.587	1.861	3.01	50.721	50.721	137.948	6.024	2.655	171.332	4.737	0
131	131-002A	19.178	2.879	1.382	1.855	3.017	83.552	69.216	135.719	5.197	2.502	140.73	4.261	-14.336
131	131-002B	19.529	3.254	1.446	1.771	2.857	84.427	72.928	134.274	5.235	2.838	141.299	4.7	-11.499
131	131-024A	20.616	4.381	1.173	2.021	2.807	71.219	55.96	140.681	4.927	2.854	148.099	5.554	-15.259
131	131-024B	18.347	3.955	1.468	1.77	3.093	61.815	61.815	141.293	3.707	2.51	156.892	5.423	0
131	131-038A	19.313	3.708	1.464	2.138	3.792	49.389	49.389	146.23	6.085	2.544	164.381	5.171	0
131	131-038B	18.602	3.611	1.715	1.721	3.37	54.232	54.232	147.986	5.246	2.731	157.782	5.326	0
131	131-040A	18.507	2.931	0.811	1.752	2.653	61.093	47.323	145.873	5.183	2.69	153.033	3.742	-13.77
131	131-040B	18.826	2.668	1.388	1.813	2.856	59.906	59.906	143.836	4.889	2.518	156.258	4.056	0
131	131-020A	20.783	2.651	1.748	2.081	3.245	60.18	60.18	136.409	5.398	2.77	163.412	4.399	0
131	131-020B	21.092	2.848	1.957	1.974	2.899	53.405	53.405	162.897	5.573	2.644	143.698	4.805	0
131	131-027A	19.248	4.632	1.032	2.136	3.021	47.487	33.88	144.655	5.412	3.163	167.857	5.664	-13.608
131	131-027B	18.972	3.693	1.863	2.15	3.256	49.458	49.458	140.948	6.121	2.975	169.594	5.556	0
131	131-017A	21.004	3.593	1.695	2.271	3.444	45.041	45.041	152.045	6.283	2.572	162.914	5.289	0
131	131-017B	20.899	3.54	1.906	2.384	3.651	45.693	45.693	143.751	6.343	2.494	170.556	5.446	0
131	131-035A	19.568	3.356	1.419	1.928	2.856	52.415	52.415	152.882	5.695	2.51	154.703	4.774	0
131	131-035B	20.008	3.826	1.395	1.732	2.614	66.105	39.817	154.025	5.401	2.418	139.87	5.221	-26.288
131	131-007A	19.357	3.55	1.45	1.969	3.363	47.772	47.772	145.708	5.658	3.047	166.52	5	0
131	131-007B	19.267	3.307	1.791	1.905	3.294	40.144	40.144	149.458	5.581	2.248	170.398	5.098	0
131	131-030A	16.868	3.671	1.619	2.139	2.969	45.06	45.06	141.749	5.744	2.297	173.19	5.289	0
131	131-030B	18.776	3.775	1.307	1.689	3.053	53.359	39.727	138.652	5.478	2.168	167.989	5.082	-13.633
131	131-012A	15.863	3.03	1.595	1.561	2.935	61.145	42.24	149.605	3.987	2.772	149.25	4.624	-18.905
131	131-012B	15.609	3.13	1.45	1.857	3.232	69.464	58.925	146.198	5.252	2.699	144.338	4.58	-10.539
131	131-022A	22.447	3.451	1.14	1.981	2.864	30.649	30.649	159.656	6.221	2.686	169.695	4.59	0
131	131-022B	22.54	3.803	1.308	1.497	2.625	43.027	43.027	157.963	5.691	2.913	159.009	5.112	0
131	131-016A	19.766	2.763	1.885	1.453	2.738	43.131	43.131	150.188	5.653	2.733	166.682	4.648	0
131	131-016B	19.146	3.09	1.175	1.43	2.416	60.483	43.648	149.392	5.035	2.158	150.125	4.265	-16.835
131	131-025A	18.195	3.123	1.253	1.483	2.35	30.654	30.654	154.359	4.937	2.469	174.987	4.376	0
131	131-025B	17.7	3.177	0.915	1.554	2.048	59.258	44.256	149.942	4.846	2.17	150.8	4.091	-15.002
131	131-034A	18.217	3.583	1.749	1.767	3.354	43.915	43.915	149.638	5.021	2.927	166.447	5.332	0
131	131-034B	17.755	2.973	1.89	1.911	3.664	23.098	23.098	168.437	5.178	2.965	168.465	4.863	0
131	131-010A	18.016	2.967	1.767	2.063	3.119	70.786	59.887	144.163	5.245	2.229	145.052	4.734	-10.899
131	131-010B	17.109	2.656	2.189	1.501	2.919	42.265	42.265	149.703	5.288	2.59	168.032	4.845	0
131	131-028A	18.365	3.325	1.36	1.644	2.869	65.512	56.806	142.121	5.153	2.221	152.367	4.685	-8.706
131	131-028B	18.952	3.048	3.009	1.808	3.085	52.394	52.394	145.295	5.665	2.389	162.311	6.056	0
131	131-005A	17.855	3.533	1.29	1.723	2.966	52.158	52.158	147.421	5.541	2.354	160.421	4.823	0
131	131-005B	16.884	3.479	0.931	1.59	2.613	49.359	33.716	149.91	5.353	2.123	160.731	4.411	-15.643
131	131-018A	18.401	3.294	1.884	2.215	3.264	69.29	58.442	139.853	6.769	2.697	150.858	5.177	-10.848
131	131-018B	18.717	2.389	2.599	2.135	3.182	29.339	29.339	156.625	6.805	2.695	174.037	4.989	0
131	131-003A	19.43	4	1.174	1.768	3.074	61.392	45.943	147.265	5.581	2.542	151.343	5.174	-15.449
131	131-003B	19.968	3.861	1.485	1.863	3.181	61.79	50.23	150.946	5.384	2.756	147.265	5.346	-11.56
131	131-039A	18.845	3.117	1.883	1.855	2.734	46.404	46.404	145.827	6.107	2.9	167.769	5	0
131	131-039B	19.202	4.351	1.506	1.673	3.196	50.403	50.403	140.644	6.768	3.03	168.954	5.857	0
131	131-014A	18.16	3.158	2.039	2.021	3.313	53.249	53.249	154.193	4.996	3.054	152.558	5.197	0
131	131-014B	17.8	2.346	1.28	1.758	2.853	47.522	47.522	151.491	4.944	2.792	160.986	3.627	0
131	131-037A	16.629	3.166	1.825	1.589	2.799	83.433	69.763	143.136	5.108	2.672	133.431	4.991	-13.669
131	131-037B	17.188	2.656	1.311	1.552	2.845	66.537	55.599	149.42	5.715	2.896	144.043	3.967	-10.938
131	131-029A	16.951	4.043	1.548	1.873	2.544	70.682	47.112	149.717	5.023	2.483	139.601	5.591	-23.571
131	131-029B	16.629	4.017	1.34	1.814	2.766	50.608	46.049	151.307	4.644	2.893	158.086	5.357	-4.559
131	131-041A	21.013	3.173	1.781	1.874	2.91	54.14	47.115	148.964	4.61	2.372	156.896	4.954	-7.024
131	131-041B	21.536	3.578	2.15	1.574	2.754	97.534	66.743	139.803	4.732	2.674	122.664	5.728	-30.791
131	131-042A	21.559	4.23	1.692	1.843	3.477	60.789	49.574	143.653	5.463	3.165	155.558	5.923	-11.216
131	131-042B	22.202	3.096	1.921	1.682	3.538	68.904	68.904	151.127	6.511	3.036	139.969	5.017	0
131	131-043A	20.143	3.329	1.602	1.933	3.353	77.153	45.059	148.429	4.922	2.417	134.419	4.931	-32.094
131	131-043B	19.886	3.103	2.141	1.923	3.132	80.043	53.543	147.692	4.713	2.248	132.266	5.244	-26.499
131	131-044A	21.655	3.19	2.061	1.679	2.981	53.318	53.318	147.933	4.27	2.711	158.75	5.25	0
131	131-044B	21.858	3.107	1.422	1.66	2.888	53.841	43.985	149.191	5.086	2.674	156.969	4.529	-9.856
131	131-045A	21.157	2.411	1.53	1.544	3.14	58.513	48.063	150.675	5.662	2.832	150.812	3.941	-10.45
131	131-045B	21.439	2.125	2.298	1.675	3.038	43.662	31.509	163.033	5.354	2.736	153.306	4.423	-12.153
132	132-141A	19.295	4.192	1.493	2.562	3.65	72.061	42.7	153.274	5.521	2.996	134.665	5.685	-29.361
132	132-141B	21.134	3.239	3.724	2.306	3.452	62.405	62.405	150.143	6.249	3.105	147.453	6.963	0
132	132-137A	20.589	3.428	2.369	3.013	3.767	79.338	63.792	145.764	6.124	3.168	134.898	5.797	-15.546
132	132-137B	20.051	3.382	2.024	2.568	3.643	51.535	51.535	149.125	6.599	3.077	159.34	5.405	0
132	132-099A	22.349	5.385	1.908	2.295	4.264	94.49	50.358	130.546	7.067	2.966	134.964	7.293	-44.132
132	132-099B	24.045	5.19	2.082	2.41	4.803	73.618	49.278	140.088	7.433	3.314	146.295	7.271	-24.339
132	132-120A	21.964	3.489	1.885	2.01	3.095	34.501	34.501	138.839	5.689	2.601	186.661	5.374	0
132	132-120B	22.425	3.533	2.049	2.294	4.169	53.045	53.045	142.902	6.575	2.703	164.052	5.581	0
132	132-134A	21.753	2.383	1.764	2.379	4.146	70.283	50.482	153.613	5.851	3.006	136.104	4.147	-19.801
132	132-134B	21.944	2.893	1.655	2.304	3.914	51.086	51.086	157.639	5.664	2.987	151.276	4.548	0
132	132-139A	22.726	2.962	2.552	1.9	3.531	43.048	43.048	158.211	4.877	2.373	158.742	5.514	0
132	132-139B	22.037	3.246	2.312	1.693	2.601	38.556	38.556	154.107	5.05	2.405	167.338	5.558	0
132	132-135A	20.057	3.861	1.507	2.258	2.576	63.408	38.224	144.783	5.618	3.235	151.809	5.368	-25.184
132	132-135B	22.231	3.654	2.221	2.206	2.785	71.894	51.544	146.777	6.329	3.159	141.329	5.875	-20.351
132	132-126A	22.119	4.642	1.8	1.83	2.886	67.881	41.342	145.209	5.822	3.254	146.91	6.442	-26.539
132	132-126B	21.412	4.204	1.999	1.832	2.805	67.964	34.039	155.924	5.732	3.197	136.112	6.203	-33.924
132	132-085A	19.736	2.981	1.812	1.843	3.184	44.446	44.446	154.395	4.862	2.636	161.159	4.794	0
132	132-085B	20.312	3.258	2.505	1.729	3.087	30.969	30.969	152.436	4.747	2.549	176.595	5.763	0
132	132-087A	21.375	3.448	1.953	2.16	3.3	72.123	51.483	141.078	5.674	3.202	146.799	5.401	-20.64
132	132-087B	20.056	3.366	1.827	1.767	2.476	59.791	48.543	144.268	5.619	2.766	155.941	5.193	-11.247
132	132-128A	19.58	2.697	1.253	1.714	2.553	34.662	34.662	142.53	5.55	2.424	182.808	3.95	0
132	132-128B	22.065	2.369	1.633	1.723	3.047	71.218	71.218	133.596	5.439	2.905	155.186	4.002	0
132	132-127A	27.951	4.868	2.956	3.333	4.793	71.817	61.777	129.885	7.365	3.068	158.298	7.825	-10.04
132	132-127B	26.471	5.763	1.84	2.861	3.495	70.781	48.808	124.008	7.004	3.469	165.211	7.603	-21.973
132	132-097A	23.462	4.564	1.782	2.962	4.241	29.208	29.208	151.834	5.889	3.544	178.958	6.346	0
132	132-097B	24.051	3.76	2.237	2.758	3.276	22.342	22.342	152.105	6.392	3.195	185.553	5.997	0
132	132-110A	30.217	4.533	2.995	2.241	2.819	76.048	53.514	125.566	6.255	2.414	158.386	7.528	-22.534
132	132-110B	29.553	5.574	1.902	2.439	3.433	88.065	53.703	125.713	6.849	2.562	146.222	7.476	-34.362
132	132-115A	25.778	5.178	3.397	3.24	5.611	42.635	42.635	142.296	8.774	3.777	175.069	8.575	0
132	132-115B	27.411	5.729	2.07	3.317	7.733	32.833	32.833	169.334	9.475	3.685	157.833	7.799	0
132	132-112A	25.398	6.001	1.725	2.133	3.421	69.977	27.179	153.653	6.015	3.585	136.37	7.727	-42.798
132	132-112B	24.806	4.12	2.67	2.335	3.935	62.969	39.595	149.036	6.899	3.68	147.995	6.791	-23.375
132	132-093A	23.816	3.556	3.278	2.659	3.787	44.011	44.011	139.264	7.018	2.765	176.725	6.834	0
132	132-093B	25.301	3.824	2.437	2.917	4.359	30.72	30.72	146.703	7.188	3.173	182.577	6.261	0
132	132-086A	20.647	2.739	1.952	1.835	2.68	72.392	59.19	144.393	4.608	2.189	143.215	4.691	-13.203
132	132-086B	21.194	2.913	2.484	2.029	2.801	62.613	62.613	141.633	4.236	2.379	155.754	5.398	0
132	132-094A	23.432	3.609	3.117	2.406	3.308	72.774	72.774	134.319	5.905	2.897	152.906	6.726	0
132	132-094B	22.957	3.948	1.976	1.951	2.973	68.025	68.025	131.134	5.469	3.139	160.842	5.924	0
132	132-138A	20.175	3.371	1.474	2.228	3.324	58.851	38.289	144.833	5.344	2.62	156.316	4.845	-20.563
132	132-138B	18.921	3.085	1.3	2.144	2.975	74.914	43.559	138.434	5.294	2.73	146.652	4.385	-31.355
132	132-131A	20.531	3.731	1.891	2.272	3.967	44.935	44.935	151.141	5.427	3.245	163.924	5.622	0
132	132-131B	20.31	3.608	1.761	2.859	3.62	32.297	32.297	153.476	5.189	3.424	174.227	5.369	0
132	132-088A	20.255	2.826	1.814	1.875	3.926	41.408	41.408	171.488	4.31	2.546	147.104	4.64	0
132	132-088B	20.393	2.689	1.757	1.642	3.424	48.477	48.477	157.831	4.518	2.928	153.693	4.446	0
132	132-082A	17.97	3.784	1.77	2.163	3.398	49.179	49.179	147.054	5.304	3.029	163.767	5.553	0
132	132-082B	18.811	2.774	1.848	2.152	3.355	38.311	38.311	159.339	5.513	2.592	162.35	4.622	0
132	132-114A	22.311	3.411	1.935	2.598	3.678	50.796	50.796	152.83	4.756	3.064	156.374	5.346	0
132	132-114B	21.94	2.682	2.007	2.345	3.231	32.959	32.959	164.039	4.965	2.697	163.001	4.69	0
132	132-106A	27.236	5.758	3.509	3.631	6.404	82.606	48.717	129.239	8.047	3.643	148.155	9.267	-33.889
132	132-102A	26.049	5.771	2.172	2.795	4.228	NA	NA	NA	8.172	3.19	NA	7.943	NA
132	132-102B	26.19	5.004	3.413	2.78	4.276	82.543	82.543	125.248	7.482	3.314	152.209	8.417	0
132	132-107A	24.218	4.361	2.026	2.593	4.33	72.019	54.335	144.832	5.871	2.797	143.149	6.386	-17.684
132	132-107B	26.099	5.526	2.236	3.018	5.427	68.357	44.325	146.904	7.403	3.035	144.74	7.762	-24.031
132	132-119A	21.045	3.24	1.762	2.066	3.244	98.294	54.234	130.022	5.075	2.955	131.685	5.002	-44.059
132	132-119B	22.001	2.991	1.627	1.968	3.148	55.824	55.824	147.926	5.641	2.516	156.25	4.618	0
132	132-109A	25.686	5.038	1.682	2.258	3.461	82.151	53.847	137.043	7.915	3.035	140.806	6.719	-28.304
132	132-109B	24.678	4.663	2.769	2.558	4.002	39.258	39.258	146.874	6.464	2.943	173.868	7.433	0
132	132-121A	28.271	4.447	1.251	1.731	4.49	48.761	33.644	142.013	5.681	3.216	169.226	5.698	-15.117
132	132-121B	27.214	3.687	1.719	1.552	3.952	85.812	45.191	144.261	5.633	3.317	129.927	5.406	-40.622
132	132-100A	21.097	3.112	1.844	1.711	3.342	59.833	59.833	156.988	5.419	2.805	143.179	4.957	0
132	132-100B	21.179	3.093	2.778	1.747	3.096	63.948	63.948	154.295	5.381	2.533	141.758	5.871	0
132	132-136A	20.836	3.597	1.607	1.731	2.64	63.1	42.051	153.108	4.897	2.541	143.792	5.204	-21.049
132	132-136B	21.994	3.093	1.764	1.868	3.126	61.147	44.42	150.001	5.175	2.385	148.851	4.857	-16.728
132	132-116A	20.168	4.186	1.347	2.349	3.104	53.278	36.081	147.177	6.255	2.884	159.545	5.533	-17.197
132	132-116B	21.08	4.26	1.899	2.076	3.266	66.358	42.857	144.795	6.843	3.015	148.847	6.158	-23.502
132	132-090A	20.976	3.304	1.967	1.618	3.667	58.574	58.574	143.049	5.417	3.065	158.377	5.272	0
132	132-090B	20.998	3.254	1.617	1.493	3.385	72.58	54.517	137.785	5.824	2.746	149.635	4.871	-18.063
132	132-143A	20.843	3.541	1.762	1.934	2.636	61.825	61.825	148.349	4.456	2.385	149.826	5.303	0
132	132-143B	20.705	3.074	2.275	2.4	3.419	45.027	45.027	158.072	4.632	2.469	156.901	5.349	0
132	132-124A	21.949	3.429	2.042	2.435	4.065	52.277	52.277	151.564	6.743	3.392	156.159	5.471	0
132	132-124B	NA	NA	NA	2.246	3.313	NA	NA	NA	5.028	2.394	NA	NA	NA
132	132-105A	26.155	6.309	1.948	3.775	5.384	44.018	24.896	157.601	6.928	5.135	158.382	8.256	-19.121
132	132-105B	27.553	5.091	1.954	4.202	5.908	55.537	35.155	153.411	7.853	3.726	151.052	7.044	-20.382
132	132-091A	22.806	3.497	2.214	2.828	4.428	40.22	40.22	144.999	8.64	2.711	174.781	5.71	0
132	132-091B	25.283	4.707	1.558	2.941	3.863	71.728	38.158	141.216	8.69	3.101	147.057	6.265	-33.569
132	132-125A	24.628	2.754	1.9	1.738	3.17	31.74	31.74	160.042	5.563	3.207	168.218	4.654	0
132	132-125B	23.923	3.741	1.505	1.781	2.656	36.196	36.196	147.835	5.71	2.973	175.969	5.246	0
132	132-081A	19.924	3.254	1.57	1.931	3.052	54.747	37	147.529	4.88	2.323	157.724	4.824	-17.747
132	132-081B	20.713	3.68	1.601	2.35	3.45	55.123	39.82	149.025	5.248	2.553	155.851	5.281	-15.304
132	132-084A	25.242	4.428	3.284	2.572	3.839	37.05	37.05	146.749	6.97	2.945	176.2	7.712	0
132	132-084B	26.035	4.739	2.207	2.532	3.468	36.453	23.086	151.091	7.104	2.963	172.456	6.946	-13.367
132	132-096A	29.53	4.993	1.599	1.955	2.899	74.689	47.057	133.742	6.199	3.166	151.569	6.592	-27.632
132	132-096B	29.405	3.628	2.462	2.425	3.557	82.176	82.176	132.626	6.462	3.058	145.198	6.09	0
132	132-113A	25.493	5.459	1.957	3.485	4.907	65.137	36.91	141.418	6.886	3.47	153.445	7.415	-28.227
132	132-113B	25.125	4.535	2.874	2.707	4.507	54.186	38.781	146.46	7.407	3.492	159.354	7.409	-15.405
132	132-089A	23.433	4.086	1.702	2.818	4.656	91.287	43.247	138.52	6.523	2.795	130.194	5.787	-48.039
132	132-089B	24.299	4.099	1.829	2.363	4.702	76.264	42.118	137.232	6.057	2.656	146.505	5.928	-34.146
132	132-104A	24.039	7.313	1.545	2.712	5.541	34.027	24.334	147.214	8.344	5.17	178.759	8.858	-9.693
132	132-103A	30.472	4.561	2.453	3.468	4.813	49.259	39.038	141.571	7.301	2.744	169.17	7.014	-10.221
132	132-103B	29.347	4.429	2.974	2.84	3.9	55.68	45	138.761	6.603	3.248	165.559	7.403	-10.68
132	132-132A	26.369	3.457	1.813	1.997	4.174	57.605	29.212	146.114	6.698	3.409	156.281	5.269	-28.393
132	132-144A	19.258	3.447	1.508	1.938	3.419	87.582	41.658	142.199	5.234	2.886	130.22	4.956	-45.924
132	132-144B	18.966	3.302	1.399	1.883	3.059	49.973	38.841	155.508	5.006	2.723	154.519	4.7	-11.131
132	132-123A	22.611	3.389	1.943	1.642	3.368	38.011	38.011	149.504	6.089	2.826	172.486	5.332	0
132	132-108A	24.983	4.793	2.06	2.219	4.375	71.41	44.654	135.464	6.047	2.717	153.127	6.853	-26.755
132	132-108B	22.768	3.607	2.471	2.55	3.791	69.416	46.863	141.761	5.38	3.002	148.824	6.078	-22.552
132	132-095A	22.492	4.476	2.139	2.511	3.738	44.596	44.596	158.821	6.73	3.061	156.583	6.615	0
132	132-095B	23.523	4.524	2.86	2.263	3.855	41.87	41.87	144.241	7.46	3.374	173.889	7.384	0
132	132-101A	29.758	6.539	2.59	3.056	4.258	79.993	51.312	119.691	7.967	4.208	160.317	9.129	-28.681
132	132-101B	28.914	5.561	4.044	3.972	4.923	73.265	52.856	131.037	8.27	3.931	155.699	9.605	-20.409
132	132-083A	19.928	3.112	1.614	1.937	3.453	53.819	33.205	152.684	5.537	2.684	153.497	4.726	-20.614
132	132-083B	20.707	2.307	2.166	2.098	3.126	48.084	48.084	156.044	6.302	2.733	155.872	4.473	0
132	132-092A	22.259	3.11	2.119	1.914	3.321	66.854	40.543	148.005	5.823	2.415	145.141	5.229	-26.311
132	132-092B	21.604	3.344	1.944	1.63	2.992	36.55	36.55	146.448	5.365	2.736	177.002	5.288	0
132	132-130A	22.283	4.658	1.976	2.575	4.069	87.295	28.596	153.148	6.538	3.395	119.557	6.634	-58.699
132	132-130B	22.146	4.681	1.834	2.642	4.149	81.649	32.424	150.251	6.485	3.506	128.101	6.515	-49.225
132	132-117A	19.299	3.729	2.497	2.559	4.09	45.289	45.289	145.568	5.541	2.841	169.143	6.226	0
132	132-117B	20.475	4.493	2.232	2.488	3.96	57.064	39.441	150.251	5.977	3.397	152.686	6.726	-17.623
132	132-140A	19.268	4.04	1.871	2.184	3.019	89.919	89.919	127.875	5.448	2.67	142.206	5.911	0
132	132-140B	19.047	2.631	1.844	1.923	2.94	89.52	89.52	130.198	5.534	2.363	140.282	4.475	0
132	132-133A	22.058	3.694	2.783	2.583	3.915	61.927	38.511	147.548	6.303	2.88	150.525	6.477	-23.416
132	132-133B	21.439	3.374	2.396	2.574	4.264	58.446	58.446	146.868	6.072	2.932	154.686	5.769	0
132	132-122A	27.008	3.962	1.862	2.742	3.387	58.392	58.392	149.443	7.323	3.488	152.166	5.824	0
132	132-129A	19.037	2.363	2.18	2.013	3.802	26.162	26.162	168.048	6.116	3.364	165.79	4.543	0
132	132-129B	18.844	3.382	1.658	2.209	3.857	39.529	27.733	154.189	5.377	2.999	166.283	5.041	-11.795
132	132-118A	25.357	6.554	2.558	3.218	4.804	33.093	33.093	145.268	7.995	3.243	181.639	9.112	0
132	132-118B	26.266	7.596	2.796	4.011	6.173	78.169	55.186	129.534	7.786	3.25	152.297	10.392	-22.984
132	132-098A	26.477	5.774	3.348	2.934	4.456	54.347	54.347	155.299	7.915	4.117	150.354	9.121	0
132	132-098B	24.771	5.437	2.707	2.578	4.825	49.982	42.745	137.828	7.963	3.422	172.19	8.145	-7.237
132	132-111A	24.839	5.076	2.52	3.143	4.843	62.146	42.158	146.908	7.959	3.957	150.946	7.596	-19.988
132	132-142A	20.305	3.855	1.382	1.777	2.571	76.338	56.964	151.215	4.824	2.514	132.447	5.237	-19.374
132	132-142B	19.985	3.343	1.35	1.893	2.77	77.576	51.883	154.994	4.662	2.53	127.431	4.692	-25.693
132	132-146A	23.988	4.26	2.225	2.652	4.35	33.97	33.97	145.585	6.566	2.776	180.445	6.485	0
132	132-147A	24.383	4.557	2.513	2.261	4.18	30.51	18.262	158.743	6.077	2.822	170.747	7.071	-12.248
132	132-147B	23.689	4.4	2.434	2.166	4.482	43.645	31.144	153.899	6.806	3.194	162.457	6.834	-12.5
132	132-145A	19.469	2.904	1.396	2.118	3.024	24.665	24.665	165.447	4.438	2.852	169.889	4.3	0
132	132-145B	19.133	3.037	1.616	1.662	2.224	52.487	42.512	159.003	4.409	2.208	148.51	4.653	-9.975
132	132-033A	25.501	6.847	2.137	3.427	5.7	84.085	51.712	134.567	7.906	3.86	141.348	8.983	-32.373
132	132-019A	21.632	6.05	1.204	2.888	4.234	53.824	29.891	143.732	6.359	2.986	162.444	7.254	-23.933
132	132-018A	23.845	5.714	2.323	3.475	5.829	61.64	35.035	155.007	8.356	3.448	143.353	8.038	-26.606
132	132-012A	25.526	6.112	1.327	2.481	5.218	96.673	46.731	131.904	6.874	3.709	131.422	7.439	-49.942
132	132-014A	22.621	3.987	2.517	3.847	5.11	29.762	29.762	154.414	9.105	4.226	175.824	6.503	0
132	132-014B	24.51	6.273	1.532	3.277	5.81	59.765	28.686	152.998	8.016	4.751	147.236	7.805	-31.079
132	132-010A	22.176	4.254	2.164	1.975	3.485	46.771	46.771	152.812	6.472	3.147	160.418	6.418	0
132	132-010B	23.123	4.999	1.675	2.273	3.646	46.882	46.882	144.465	7.061	3.122	168.654	6.674	0
132	132-006A	23.29	3.961	1.678	1.836	3.095	44.482	44.482	154.672	6.709	3.026	160.847	5.639	0
132	132-006B	23.233	4.073	2.519	2.342	3.742	66.694	66.694	149.094	6.729	3.104	144.213	6.592	0
132	132-001A	21.607	3.281	1.042	2.054	3.455	45.644	34.388	151.467	4.579	3.376	162.889	4.323	-11.256
132	132-001B	21.075	3.341	0.999	2.06	2.782	41.191	21.159	157.309	4.345	2.603	161.5	4.34	-20.032
132	132-007A	24.645	5.349	2.204	2.271	3.99	78.243	61.7	142.561	6.899	3.083	139.196	7.553	-16.543
132	132-007B	23.216	5.377	1.692	1.578	3.42	66.591	55.87	141.77	6.093	3.039	151.64	7.069	-10.72
132	132-004A	22.76	3.116	2.234	1.827	2.821	73.728	60.739	142.1	6.642	3.008	144.171	5.349	-12.99
132	132-004B	22.627	3.844	1.533	1.937	2.499	78.402	65.376	137.816	6.625	2.954	143.783	5.377	-13.025
132	132-002A	20.252	2.861	1.964	1.925	3.122	39.016	39.016	160.462	5.658	2.639	160.522	4.824	0
132	132-002B	21.532	3.37	1.877	2.051	2.918	55.754	48.886	152.294	5.568	2.763	151.951	5.246	-6.869
132	132-017A	24.808	5.235	1.613	2.119	3.022	86.578	32.702	135.869	6.014	2.875	137.553	6.848	-53.876
132	132-017B	25.123	5.13	1.998	2.405	NA	58.293	36.807	139.923	7.013	3.008	161.784	7.128	-21.486
132	132-008A	22.347	3.979	1.307	2.075	3.245	61.491	30.661	155.287	5.481	2.812	143.223	5.287	-30.83
132	132-008B	23.992	4.617	1.333	2.24	3.737	41.716	29.601	157.791	5.975	3.074	160.493	5.95	-12.115
132	132-043A	20.41	5.251	1.456	3.021	4.6	63.232	32.416	135.923	6.95	2.64	160.845	6.706	-30.816
132	132-043B	20.767	4.037	2.109	3.17	4.841	58.417	24.794	153.351	6.774	3.179	148.233	6.145	-33.623
132	132-067A	18.57	3.681	1.661	2.488	3.535	34.463	34.463	160.853	5.479	3.002	164.684	5.343	0
132	132-067B	20.355	3.687	1.664	2.269	3.665	43.965	32.268	157.882	5.912	3.052	158.154	5.351	-11.697
132	132-072A	20.644	4.749	0.919	2.307	3.22	59.917	25.313	155.957	6.106	2.884	144.126	5.668	-34.605
132	132-072B	20.572	5.443	0.726	2.615	3.569	48.196	30.985	143.376	6.551	2.991	168.428	6.168	-17.211
132	132-070A	16.732	4.449	1.597	1.644	3.533	95.398	53.46	142.003	5.046	2.759	122.599	6.046	-41.938
132	132-070B	18.765	4.277	1.046	1.783	2.874	67.428	37.197	147.66	5.551	2.394	144.912	5.323	-30.231
132	132-062A	20.205	3.89	1.602	1.792	3.399	61.493	18.543	155.307	5.107	2.622	143.201	5.493	-42.949
132	132-062B	21.801	5.474	0.74	1.674	3.132	82.151	30.661	138.368	4.719	2.765	139.482	6.213	-51.489
132	132-069A	21.285	3.642	1.804	1.783	2.983	55.953	28.019	159.527	5.55	2.836	144.52	5.446	-27.934
132	132-069B	21.281	3.162	1.904	1.849	3.164	60.125	42.692	147.646	6.301	3.056	152.229	5.065	-17.433
132	132-058A	20.064	5.08	1.724	2.531	3.572	35.114	35.114	153.944	6.934	3.559	170.942	6.804	0
132	132-058B	19.459	4.194	1.596	2.627	3.447	34.425	34.425	160.345	6.353	2.776	165.23	5.79	0
132	132-020A	24.452	7.31	1.19	2.969	4.733	51.292	20.511	153.07	7.049	3.886	155.638	8.5	-30.781
132	132-020B	24.645	7.228	0.944	2.532	3.517	NA	NA	NA	6.987	4.225	NA	8.172	NA
132	132-042A	21.695	4.865	1.96	2.268	3.856	71.918	43.382	142.734	5.871	2.887	145.349	6.824	-28.536
132	132-042B	22.408	5.532	1.856	2.575	4.309	82.982	41.456	140.799	5.27	3.314	136.219	7.388	-41.525
132	132-060A	21.7	3.212	1.688	1.762	2.661	95.48	57.391	136.855	5.627	2.64	127.666	4.9	-38.089
132	132-060B	21.397	2.435	2.06	1.729	2.582	114.997	90.262	119.8	5.892	2.465	125.202	4.494	-24.735
132	132-051A	23.558	5.09	1.506	2.451	4.491	46.863	30.947	141.401	6.01	3.515	171.736	6.595	-15.916
132	132-051B	21.214	4.126	2.266	2.638	3.614	31.413	31.413	150.883	6.129	3.423	177.705	6.392	0
132	132-077A	23.297	4.75	1.425	2.684	3.98	69.8	33.608	146.003	6.889	3.168	144.197	6.175	-36.192
132	132-077B	23.191	4.618	1.561	2.414	3.515	77.686	42.814	136.66	7.57	3.396	145.654	6.179	-34.872
132	132-059A	21.272	3.878	1.472	1.926	3.317	53.13	53.13	148.475	4.449	2.529	158.395	5.35	0
132	132-059B	21.109	2.858	1.812	1.731	3.233	49.261	49.261	154.723	4.993	2.657	156.017	4.67	0
132	132-066A	21.212	4.159	2.02	2.192	4.168	65.557	57.16	140.177	5.255	2.992	154.266	6.179	-8.397
132	132-066B	19.987	3.986	1.46	1.92	3.266	67.662	39.187	147.324	6.224	2.982	145.014	5.446	-28.475
132	132-054A	21.056	4.974	0.666	1.748	3.334	68.091	29.388	136.24	5.612	2.764	155.669	5.64	-38.703
132	132-054B	20.848	4.505	1.378	1.684	3.426	91.087	53.408	127.367	5.763	2.745	141.546	5.883	-37.679
132	132-076A	20.391	4.627	1.406	1.902	2.9	52.437	33.711	159.687	5.537	3.07	147.876	6.033	-18.726
132	132-076B	19.697	4.071	1.675	1.846	3.092	44.38	44.38	153.458	5.807	3.059	162.162	5.745	0
132	132-080A	20.036	5.338	2.515	3.62	4.276	78.334	47.741	133.104	7.788	4.678	148.562	7.853	-30.593
132	132-080B	21.161	6.462	2.151	3.821	4.196	75.228	36.114	144.312	7.768	4.074	140.46	8.613	-39.114
132	132-063A	21.531	3.412	2.022	2.061	2.777	81.884	58.2	150.711	5.464	2.362	127.404	5.433	-23.685
132	132-063B	21.459	3.938	1.716	1.757	2.954	62.074	62.074	140.771	6.137	2.777	157.155	5.654	0
132	132-075A	23.302	5.494	1.778	2.176	4.094	76.469	51.161	135.462	6.074	3.979	148.069	7.271	-25.308
132	132-075B	24.64	6.119	0.847	3.063	4.114	66.166	30.192	129.645	6.092	3.622	164.189	6.966	-35.973
132	132-055A	21.086	3.998	1.393	1.963	3.419	54.789	45.874	148.847	4.511	2.77	156.364	5.39	-8.915
132	132-055B	20.816	4.001	1.649	2.219	3.682	91.744	49.705	150.055	4.703	2.802	118.201	5.65	-42.039
132	132-078A	19.723	4.141	1.08	1.897	3.047	75.266	32.046	153.244	5.658	2.786	131.49	5.221	-43.221
132	132-078B	19.067	3.942	1.931	2.268	3.371	46.445	46.445	152.964	5.367	3.279	160.591	5.873	0
132	132-071A	18.528	3.361	1.371	2.368	3.334	46.387	37.338	149.425	6.061	3.185	164.188	4.731	-9.049
132	132-071B	18.503	3.445	1.773	2.006	2.763	38.432	38.432	145.399	5.324	3.157	176.169	5.218	0
132	132-073A	23.328	2.523	2.588	2.404	3.076	45.115	45.115	154.247	5.667	3.134	160.639	5.111	0
132	132-073B	19.899	3.74	1.619	2.159	2.78	49.255	27.336	160.337	4.848	3.165	150.408	5.359	-21.918
132	132-061A	23.222	3.77	1.141	1.927	3.04	41.093	41.093	151.517	6.247	3.08	167.39	4.912	0
132	132-061B	23.805	4.733	1.325	2.023	3.358	56.232	36.992	144.295	5.563	3.273	159.473	6.058	-19.24
132	132-074A	19.168	3.76	2.373	1.936	2.929	73.318	73.318	137.272	5.236	2.869	149.411	6.133	0
132	132-074B	18.458	4.363	2.407	2.366	3.329	65.241	65.241	144.597	5.83	3.5	150.162	6.77	0
132	132-045A	19.733	3.615	1.577	2.01	NA	54.367	30.038	149.99	6.052	2.871	155.643	5.192	-24.33
132	132-045B	20.889	4.016	1.721	2.231	NA	58.165	32.53	148.958	6.261	3.032	152.878	5.737	-25.635
132	132-056A	22.444	4.348	1.543	1.947	4.245	33.4	22.345	155.482	6.205	3.593	171.118	5.891	-11.056
132	132-056B	21.996	4.566	1.58	2.265	4.15	39.521	23.062	157.62	6.201	3.618	162.86	6.146	-16.458
132	132-064A	19.609	4.076	1.653	1.402	2.55	47.877	27.081	151.915	5.618	2.638	160.208	5.729	-20.796
132	132-064B	21.21	4.267	1.696	1.96	3.345	61.053	50.362	145.124	NA	NA	153.823	5.963	-10.691
132	132-065A	18.792	3.778	1.178	1.708	2.428	63.023	40.375	150.903	5.348	2.711	146.073	4.956	-22.648
132	132-065B	20.548	3.939	0.828	1.87	2.744	48.127	29.884	156.111	5.583	2.583	155.762	4.767	-18.243
132	132-041A	23.867	5.363	2.278	2.628	4.582	59.945	35.097	142.893	7.142	2.93	157.162	7.64	-24.848
132	132-041B	24.39	5.838	1.675	2.812	4.337	57.772	28.047	146.831	8.019	3.245	155.397	7.513	-29.725
132	132-057A	21.194	3.397	1.238	1.932	3.029	34.777	29.538	157.899	4.864	2.739	167.323	4.634	-5.239
132	132-057B	20.759	4.061	0.967	1.662	2.897	37.565	37.565	149.962	5.189	2.579	172.473	5.028	0
132	132-052A	21.009	3.801	2.254	2.082	2.593	76.841	76.841	142.94	5.149	2.825	140.219	6.055	0
132	132-052B	20.579	3.044	2.164	1.765	2.745	72.835	72.835	132.343	5.45	2.907	154.822	5.208	0
132	132-039A	21.489	3.48	1.663	2.055	3.033	81.867	46.041	150.84	5.152	3.246	127.293	5.142	-35.825
132	132-039B	21.163	4.479	1.33	1.785	2.826	83.101	37.877	144.145	4.902	2.875	132.754	5.809	-45.224
132	132-079A	21.286	3.614	1.927	2.068	3.06	57.978	40.302	157.928	6.347	2.955	144.094	5.542	-17.676
132	132-079B	20.933	4.313	1.261	2.597	3.818	28.488	16.905	163.767	5.909	2.906	167.745	5.573	-11.583
132	132-034A	18.19	2.267	2.799	2.122	3.468	56.404	56.404	150.57	6.462	3.367	153.026	5.067	0
132	132-034B	20.405	3.66	3.457	2.547	4.239	34.872	34.872	155.588	6.116	2.935	169.54	7.117	0
132	132-046A	21.933	3.728	2.046	2.122	3.417	83.46	56.518	143.337	6.003	3.312	133.204	5.774	-26.942
132	132-046B	21.173	4.419	1.114	1.897	2.876	74.586	35.239	149.845	5.457	3.573	135.569	5.534	-39.347
132	132-036A	23.082	3.135	2.033	1.807	3.686	55.146	55.146	155.937	5.829	3.321	148.917	5.168	0
132	132-036B	21.07	3.575	1.475	1.796	3.231	52.843	52.843	142.908	5.517	3.138	164.249	5.05	0
132	132-024A	23.278	4.661	2.186	2.689	4.252	53.948	27.109	154.083	7.923	2.839	151.97	6.847	-26.838
132	132-024B	22.095	5.601	1.874	2.297	4.177	53.003	21.131	155.503	6.82	3.128	151.495	7.474	-31.872
132	132-021A	22.096	5.058	2.204	2.867	3.68	83.931	50.399	127.057	6.774	2.744	149.012	7.262	-33.532
132	132-021B	22.812	5.649	2.707	3.245	4.127	84.848	57.154	139.736	7.996	3.251	135.416	8.356	-27.694
132	132-031A	22.342	4.892	2.308	2.956	4.332	32.189	32.189	151.702	7.671	4.193	176.109	7.2	0
132	132-031B	22.208	3.208	2.252	2.487	3.81	46.733	37.207	159.911	8.296	3.777	153.356	5.461	-9.527
132	132-047A	21.819	3.436	2.948	2.254	4.116	47.181	47.181	149.465	6.466	3.109	163.355	6.383	0
132	132-047B	21.729	4.475	1.517	2.117	3.837	68.071	35.03	155.323	5.359	2.735	136.606	5.992	-33.041
132	132-068A	22.579	3.877	1.712	2.294	3.929	30.679	30.679	151.451	6.641	2.639	177.87	5.589	0
132	132-068B	22.075	4.628	1.775	2.161	3.343	69.053	69.053	123.373	6.789	2.945	167.574	6.403	0
132	132-037A	21.172	4.035	2.087	2.799	3.974	55.821	38.672	153.135	6.637	3.434	151.044	6.121	-17.149
132	132-037B	21.37	3.179	2.271	2.438	3.661	43.501	33.051	156.456	6.692	3.115	160.044	5.45	-10.45
132	132-049A	20.889	3.068	2.294	1.958	3.502	41.736	41.736	156.314	5.934	2.804	161.95	5.362	0
132	132-049B	20.72	4.178	1.83	2.114	3.393	44.105	34.988	159.394	5.64	2.974	156.501	6.008	-9.117
132	132-053A	20.968	3.601	1.816	1.936	2.892	44.408	44.408	153.531	5.669	3.374	162.061	5.416	0
132	132-053B	18.92	3.693	1.379	1.558	3.161	67.032	37.412	146.248	4.599	3.273	146.72	5.072	-29.62
132	132-032A	18.129	3.119	1.901	1.926	3.115	28.829	28.829	149.523	5.522	3.589	181.649	5.02	0
132	132-032B	17.609	3.902	1.467	2.38	3.465	20.406	20.406	161.647	5.346	3.441	177.947	5.37	0
132	132-038A	20.398	3.865	1.69	1.784	3.032	54.604	54.604	149.056	6.054	3.452	156.34	5.555	0
132	132-038B	20.766	3.657	1.67	1.835	3.295	48.414	48.414	150.801	5.791	3.523	160.785	5.327	0
132	132-011A	23.69	5.373	2.297	3.017	4.826	85.03	43.707	132.742	7.972	3.561	142.228	7.669	-41.323
132	132-011B	23.469	6.038	1.965	2.606	3.654	78.085	37.248	128.285	7.426	3.505	153.631	8.003	-40.837
132	132-048A	18.924	3.543	1.712	2.237	3.399	34.333	34.333	157.286	5.773	2.778	168.382	5.255	0
132	132-048B	20.336	4.282	2.207	2.212	3.71	34.359	34.359	153.771	6.007	2.889	171.87	6.488	0
132	132-029A	25.153	4.912	2.635	3.36	4.597	61.111	41.353	141.509	7.773	3.735	157.38	7.547	-19.758
132	132-029B	24.311	4.927	2.212	3.219	4.361	51.996	28.822	150.896	7.37	3.263	157.108	7.139	-23.174
132	132-050A	21.708	3.798	2.437	2.054	3.349	54.912	54.912	142.464	6.07	3.367	162.624	6.235	0
132	132-050B	22.046	3.74	1.995	2.486	3.754	46.48	46.48	147.613	6.514	3.11	165.907	5.735	0
132	132-013A	23.541	6.045	1.989	2.919	4.526	30.922	30.922	147.944	7.272	3.271	181.133	8.034	0
132	132-013B	23.88	6.225	1.491	3.128	4.71	30.076	30.076	154.417	8.141	3.923	175.507	7.717	0
132	132-027A	24.027	4.121	2.192	2.459	3.464	91.392	42.648	143.616	5.694	2.776	124.992	6.313	-48.745
132	132-027B	23.747	4.616	1.538	2.103	3.311	88.204	48.28	140.672	5.158	2.755	131.124	6.154	-39.924
132	132-028A	24.208	5.086	2.202	2.713	4.762	65.657	46.849	131.194	8.204	2.938	163.15	7.288	-18.807
132	132-028B	26.329	4.666	1.522	2.812	4.646	52.357	36.148	154.746	8.269	3.047	152.897	6.187	-16.209
132	132-026A	24.48	5.844	1.646	3.249	4.57	72.506	29.028	148.779	8.07	2.945	138.715	7.49	-43.478
132	132-026B	25.187	6.725	2.228	2.389	3.965	72.524	30.785	144.518	7.365	3.95	142.957	8.953	-41.74
132	132-015A	18.997	NA	NA	2.406	3.068	NA	NA	NA	NA	2.558	NA	NA	NA
132	132-015B	16.63	NA	NA	2.068	2.654	NA	NA	NA	NA	2.673	NA	NA	NA
132	132-035A	22.529	5.794	2.22	3.099	5.628	81.409	35.991	144.605	7.886	3.681	133.986	8.014	-45.417
132	132-035B	22.882	4.759	2.976	3.344	4.637	69.096	39.63	140.119	8.739	4.009	150.785	7.735	-29.466
132	132-044A	18.916	3.285	1.386	1.831	2.742	46.014	46.014	152.649	4.904	2.373	161.338	4.671	0
132	132-044B	20.553	3.686	1.375	2.147	2.936	54.294	44.022	147.818	4.81	2.466	157.888	5.06	-10.272
132	132-025A	18.448	4.821	1.191	2.737	4.6	54.704	38.759	132.992	6.39	3.017	172.304	6.012	-15.945
132	132-025B	17.507	3.575	2.725	2.419	3.981	NA	NA	NA	5.951	2.991	NA	6.299	NA
132	132-003A	20.852	2.733	1.916	2.193	3.336	55.62	46.077	158.968	4.636	2.211	145.412	4.649	-9.543
132	132-003B	21.347	2.72	2.181	2.142	3.013	35.622	35.622	158.787	5.395	2.652	165.59	4.901	0
132	132-005A	21.608	3.392	1.554	1.717	3.05	76.646	47.534	142.743	4.12	2.486	140.611	4.946	-29.112
132	132-005B	21.478	3.552	1.226	1.591	2.891	74.733	40.107	139.512	4.536	2.691	145.754	4.777	-34.627
132	132-009A	20.189	3.364	2.42	2.306	3.491	71.399	53.476	149.333	4.995	2.95	139.268	5.784	-17.923
132	132-009B	20.88	3.212	1.834	2.24	3.471	81.158	48.318	151.679	5.916	2.834	127.163	5.046	-32.841
132	132-030A	21.751	5.514	2.554	3.34	4.874	55.387	42.965	148.304	7.96	3.255	156.309	8.068	-12.422
132	132-030B	22.148	5.118	2.641	2.906	5.123	82.051	62.92	141.655	7.828	3.165	136.294	7.759	-19.131
132	132-040A	23.756	4.609	1.022	2.672	3.559	30.195	30.195	146.321	5.535	3.648	183.485	5.631	0
132	132-040B	24.844	4.277	1.174	2.464	3.82	51.943	30.141	151.276	6.103	3.341	156.782	5.451	-21.801
132	132-023A	21.345	5.266	2.271	2.899	4.934	40.102	24.312	160.15	8.297	3.576	159.749	7.537	-15.79
132	132-023B	20.948	3.936	2.984	3.03	4.783	57.562	35.358	152.825	9.907	3.219	149.613	6.92	-22.204
132	132-016A	24.255	5.703	1.929	2.341	3.907	24.667	24.667	147.406	8.022	3.572	187.927	7.632	0
132	132-016B	22.884	5.281	1.267	2.544	3.736	27.886	27.886	148.562	8.375	3.082	183.552	6.547	0
132	132-022A	22.589	5.253	2.12	2.439	3.572	76.138	58.41	132.611	7.07	3.965	151.251	7.374	-17.728
132	132-022B	20.77	3.942	2.092	2.59	3.702	64.366	41.881	151.829	7.135	3.6	143.805	6.034	-22.485
133	133-024A	20.82	4.986	1.84	2.663	4.001	65.074	32.271	150.68	7.102	3.301	144.246	6.825	-32.803
133	133-024B	21.764	4.622	1.51	2.09	3.629	54.895	30.531	143.194	6.504	3.255	161.912	6.132	-24.364
133	133-009A	22.526	4.055	1.447	2.074	4.003	59.32	50.865	138.155	6.354	2.975	162.526	5.502	-8.455
133	133-009B	22.43	3.902	1.521	2.155	3.314	56.394	46.935	142.527	6.391	3.043	161.078	5.424	-9.459
133	133-018A	20.767	4.649	0.966	1.969	3.375	69.615	24.961	151.875	5.67	2.605	138.509	5.614	-44.654
133	133-018B	20.62	4.543	0.836	2.019	2.982	61.546	29.67	145.738	5.715	2.529	152.716	5.379	-31.876
133	133-030A	22.537	4.757	1.585	2.437	4.393	67.475	32.816	148.634	6.574	3.347	143.891	6.342	-34.658
133	133-030B	23.411	5.413	1.145	2.057	4.238	74.544	46.804	138.628	6.492	3.358	146.828	6.558	-27.74
133	133-015A	21.122	3.253	2.36	2.261	3.058	59.319	59.319	148.125	5.946	3.045	152.556	5.613	0
133	133-015B	21.916	4.084	2.135	1.851	2.788	60.014	50.959	146.338	5.834	2.789	153.649	6.219	-9.055
133	133-019A	19.571	3.231	2.417	1.939	3.339	59.545	59.545	149.091	6.722	3.444	151.364	5.647	0
133	133-019B	19.213	3.23	2.265	2.496	3.558	56.3	56.3	148.032	6.226	3.372	155.669	5.495	0
133	133-001A	21.76	3.985	1.077	2.367	2.514	85.676	49.167	143.995	4.671	2.854	130.329	5.061	-36.509
133	133-001B	21.365	2.767	2.229	2.356	2.859	97.41	55.35	141.138	5.109	2.944	121.452	4.996	-42.06
133	133-002A	23.426	4.449	2.152	2.423	3.592	65.637	57.421	146.622	5.496	3.068	147.742	6.601	-8.215
133	133-002B	21.828	3.964	1.512	1.952	2.807	72.354	46.799	140.551	5.134	2.786	147.095	5.476	-25.556
133	133-003A	21.639	4.411	1.446	2.609	4.011	39.111	28.745	157.916	5.998	3.437	162.974	5.858	-10.366
133	133-003B	20.779	4.391	1.541	1.927	3.69	35.445	25.131	156.37	5.991	2.918	168.185	5.932	-10.314
133	133-020A	21.56	4.315	1.367	2.098	3.405	48.257	31.405	145.322	5.783	3.079	166.422	5.682	-16.852
133	133-020B	22.85	3.189	1.967	2.057	3.039	74.775	62.29	141.085	5.754	3.227	144.14	5.156	-12.485
133	133-037A	19.282	3.961	2.088	2.524	3.736	38.121	38.121	148.362	6.904	3.571	173.517	6.05	0
133	133-037B	19.193	3.446	2.391	2.439	3.425	61.121	61.121	149.678	6.596	3.453	149.201	5.837	0
133	133-007A	20.122	3.251	1.597	2.31	2.83	31.178	31.178	159.109	5.955	3.252	169.713	4.848	0
133	133-007B	20.349	2.42	1.74	2.711	3.199	72.203	52.306	152.093	6.593	3.282	135.704	4.16	-19.898
133	133-008A	21.837	4.336	1.252	1.951	3.293	56.521	33.542	145.94	5.392	3.166	157.539	5.587	-22.98
133	133-008B	21.531	3.791	1.072	2.279	3.131	57.857	38.603	143.294	5.527	3.153	158.848	4.863	-19.254
133	133-017A	22.625	4.426	1.628	2.403	3.366	74.441	44.336	133.925	6.801	3.231	151.634	6.054	-30.105
133	133-017B	23.697	4.102	1.44	1.881	2.973	80.719	40.917	141.403	NA	NA	137.878	5.542	-39.802
133	133-021A	23.578	3.89	1.894	2.427	3.282	71.075	50.389	141.055	5.997	2.707	147.87	5.784	-20.686
133	133-021B	22.889	4.199	1.855	2.141	3.742	73.501	45.788	139.672	6.965	3.347	146.827	6.053	-27.713
133	133-029A	20.594	2.803	2.325	2.666	3.248	56.002	56.002	151.292	5.069	3.408	152.706	5.127	0
133	133-029B	21.021	3.317	1.762	2.316	2.721	66.526	66.526	144.698	5.375	3.649	148.776	5.079	0
133	133-016A	20.451	3.282	1.491	2.217	2.727	89.022	51.948	136.821	4.345	2.813	134.157	4.773	-37.074
133	133-016B	18.943	2.633	1.146	1.94	2.589	84.122	38.234	144.291	4.14	3.001	131.588	3.778	-45.888
133	133-004A	22.2	3.14	1.395	2.203	2.722	57.05	36.151	149.828	6.26	2.534	153.122	4.536	-20.9
133	133-004B	21.465	2.665	2.317	2.167	3.203	54.992	54.992	155.163	6.141	2.811	149.846	4.983	0
133	133-006A	20.643	3.604	1.422	2.089	2.807	64.007	40.661	151.814	4.883	2.423	144.179	5.025	-23.346
133	133-006B	20.906	3.399	1.625	1.855	2.661	75.881	51.594	143.184	4.99	2.622	140.935	5.024	-24.287
133	133-035A	18.298	3.59	2.118	2.663	3.345	48.814	48.814	151.997	5.534	3.164	159.189	5.708	0
133	133-035B	20.172	3.773	3.132	2.878	4.077	42.298	42.298	145.233	7.436	2.833	172.469	6.905	0
133	133-038A	19.248	4.13	1.118	1.984	2.983	60.893	43.769	138.854	4.454	2.823	160.253	5.248	-17.124
133	133-038B	20.244	3.695	1.772	2.658	3.467	61.459	30.834	158.086	5.391	3.099	140.455	5.467	-30.625
133	133-036A	20.334	3.846	2.533	2.66	3.08	51.703	51.703	149.884	6.268	2.754	158.413	6.378	0
133	133-036B	18.509	4.318	1.537	2.081	2.754	67.128	38.246	144.934	6.703	3.053	147.938	5.855	-28.882
133	133-034A	20.191	3.947	2.124	2.139	3.018	67.826	67.826	137.311	5.662	3.63	154.862	6.071	0
133	133-034B	19.679	3.874	1.813	2.329	3.223	62.622	45.436	147.394	5.885	3.531	149.983	5.687	-17.187
133	133-011A	17.623	3.772	1.496	2.053	2.718	64.618	44.581	147.034	4.646	2.852	148.349	5.267	-20.037
133	133-011B	17.269	3.111	1.711	1.8	2.706	42.896	42.896	154.637	4.711	3.056	162.468	4.822	0
133	133-039A	20.047	3.582	1.583	2.253	2.541	46.485	46.485	147.851	6.693	3.218	165.664	5.165	0
133	133-039B	20.115	3.345	1.978	2.014	2.818	65.332	43.462	159.367	5.624	2.935	135.301	5.323	-21.87
133	133-005A	20.779	3.36	2.103	1.875	2.601	48.479	48.479	152.394	6.152	2.662	159.127	5.463	0
133	133-005B	20.672	2.959	2.146	1.893	2.597	23.494	23.494	168.846	5.525	2.444	167.661	5.105	0
133	133-023A	17.093	3.113	1.545	2.296	3.693	35.897	35.897	160.878	4.644	2.867	163.225	4.658	0
133	133-023B	18.459	3.4	1.327	1.898	3.004	48.815	36.052	156.137	4.471	2.93	155.048	4.728	-12.763
133	133-022A	19.357	2.987	1.827	1.846	2.759	47.067	47.067	154.518	4.957	2.788	158.416	4.814	0
133	133-022B	18.842	2.89	2.141	1.95	3.135	37.197	37.197	161.793	5.623	3.114	161.01	5.031	0
133	133-010A	20.284	4.551	1.886	2.273	3.486	51.174	51.174	155.42	5.397	2.778	153.406	6.437	0
133	133-010B	20.523	4.441	1.658	2.357	3.757	63.405	44.036	146.784	5.573	2.89	149.811	6.098	-19.368
133	133-028A	21.257	2.785	2.269	2.106	2.646	86.295	64.261	147.126	5.006	2.925	126.579	5.053	-22.034
133	133-028B	21.164	2.683	2.184	2.206	2.562	39.816	39.816	142.705	5.659	3.029	177.479	4.867	0
133	133-032A	19.59	4.129	1.587	2.061	3.748	42.84	32.056	148.61	6.12	2.942	168.551	5.716	-10.783
133	133-032B	20.269	4.395	1.837	2.542	3.926	35.803	35.803	150.771	6.437	3.609	173.426	6.232	0
133	133-014A	22.912	5.019	1.673	2.384	4.079	71.658	54.518	138.221	6.392	3.12	150.121	6.692	-17.14
133	133-014B	22.527	4.364	1.563	1.765	3.318	76.456	58.188	132.631	6.48	2.885	150.913	5.927	-18.267
133	133-012A	23.969	5.154	2.665	2.815	4.934	45.982	45.982	152.466	8.691	3.476	161.552	7.818	0
133	133-012B	22.994	4.929	2.464	2.327	4.163	40.06	40.06	151.271	7.432	3.383	168.67	7.393	0
133	133-040A	17.149	3.841	1.226	2.086	3.273	37.814	27.345	155.219	5.142	2.615	166.968	5.067	-10.468
133	133-040B	17.842	3.833	1.409	2.069	3.597	48.652	26.565	153.435	4.932	2.737	157.913	5.241	-22.087
133	133-025A	19.293	3.458	1.715	2.45	3.307	56.952	42.654	154.044	5.405	2.853	149.004	5.174	-14.298
133	133-025B	18.6	3.081	1.643	2.442	3.263	33.72	33.72	160.605	5.291	3.619	165.675	4.724	0
133	133-027A	16.734	3.214	1.937	2.3	2.987	52.97	52.97	148.376	4.916	2.791	158.654	5.152	0
133	133-027B	18.403	3.672	1.481	2.106	2.665	48.964	48.964	153.26	5.794	2.753	157.776	5.153	0
133	133-033A	22.529	4.277	1.854	2.374	3.678	53.13	45.644	151.798	5.594	3.745	155.072	6.131	-7.486
133	133-033B	23.089	3.475	2.072	1.848	3.247	46.675	46.675	156.075	5.724	3.365	157.249	5.546	0
133	133-026A	20.725	4.524	1.326	2.982	3.894	108.705	60.576	125.204	6.223	3.54	126.091	5.85	-48.129
133	133-026B	18.541	3.796	2.168	3.661	4.344	84.171	84.171	132.435	6.704	3.208	143.395	5.963	0
133	133-031A	20.218	2.925	1.814	2.298	4.144	60.255	38.204	150.709	5.435	3.409	149.036	4.74	-22.051
133	133-031B	21.207	3.405	1.677	2.139	3.817	65.06	48.221	148.712	5.68	3.683	146.228	5.081	-16.839
135	135-038A	19.969	3.964	1.684	1.644	3.93	65.007	65.007	140.195	6.218	2.761	154.799	5.648	0
135	135-038B	20.97	4.023	1.501	1.822	4.087	67.846	45.922	139.705	6.346	2.689	152.45	5.524	-21.924
135	135-021A	23.934	8.29	1.368	4.051	6.309	50.365	19.133	146.17	10.502	4.404	163.465	9.658	-31.232
135	135-019A	24.682	6.924	1.709	3.661	5.727	56.242	35.623	136.53	9.047	3.946	167.228	8.633	-20.619
135	135-019B	24.557	7.028	1.26	3.657	5.162	63.783	26.791	136.12	7.673	3.483	160.097	8.288	-36.992
135	135-018A	23.41	7.725	1.465	3.937	6.834	93.537	64.55	116.028	10.174	3.049	150.435	9.189	-28.987
135	135-018B	22.445	5.76	2.671	3.809	5.894	85.273	51.49	129.046	9.658	3.188	145.681	8.431	-33.783
135	135-037A	19.475	3.803	1.3	1.868	3.646	44.777	36.586	155.42	6.326	3.357	159.803	5.103	-8.191
135	135-037B	19.103	3.445	1.395	2.004	3.677	54.097	45.148	148.523	6.181	3.349	157.38	4.839	-8.949
135	135-013A	25.941	5.259	2.148	2.661	4.301	83.753	49.138	134.37	7.321	4.083	141.877	7.406	-34.615
135	135-013B	25.01	4.27	2.028	2.834	3.768	82.245	56.184	136.878	7.253	4.168	140.877	6.298	-26.061
135	135-012A	23.235	5.83	2.45	3.52	5.088	48.061	38.346	155.643	8.189	4.609	156.296	8.28	-9.715
135	135-012B	21.505	5.991	1.718	3.163	4.973	NA	NA	NA	8.388	4.302	NA	7.709	NA
135	135-003A	21.756	6.118	2.225	2.595	4.694	65.548	41.462	133.722	5.372	3.973	160.73	8.343	-24.086
135	135-003B	21.432	5.805	1.693	2.964	4.953	67.383	36.571	133.511	6.397	3.644	159.106	7.498	-30.812
135	135-030A	22.805	4.669	1.596	2.366	3.293	71.565	41.82	134.31	6.578	3.216	154.126	6.264	-29.745
135	135-030B	22.865	5.126	1.723	2.869	4.158	84.027	48.458	131.433	6.737	3.606	144.54	6.849	-35.569
135	135-017A	23.8	5.537	2.896	3.054	5.113	40.167	40.167	144.024	8.047	3.88	175.809	8.433	0
135	135-017B	22.27	4.982	3.484	2.909	5.042	49.445	49.445	135.755	7.947	3.413	174.799	8.466	0
135	135-007A	26.88	8.071	1.076	2.878	5.114	88.051	27.773	124.33	6.984	4.181	147.619	9.147	-60.278
135	135-007B	26.75	6.962	2.103	3.026	5.242	92.785	44.499	125.195	7.014	4.163	142.02	9.065	-48.286
135	135-028A	21.547	4.292	1.731	2.283	3.297	53.511	32.033	147.108	6.449	3.666	159.382	6.023	-21.477
135	135-028B	21.078	3.084	2.498	2.137	3.205	34.015	34.015	153.385	6.39	3.106	172.599	5.582	0
135	135-033A	22.805	3.353	2.366	2.43	4.223	56.375	56.375	152.336	6.718	2.68	151.289	5.718	0
135	135-033B	23.348	2.952	2.182	2.041	3.771	38.91	38.91	155.563	5.556	2.766	165.527	5.134	0
135	135-004A	25.505	6.157	1.257	3.05	4.124	77.645	42.916	124.385	8.058	3.459	157.97	7.414	-34.729
135	135-004B	25.934	5.523	1.545	2.668	5.578	104.547	38.274	139.07	8.153	3.596	116.384	7.068	-66.272
135	135-027A	19.977	3.506	1.846	2.052	2.763	70.744	40.578	138.649	5.134	2.971	150.606	5.352	-30.166
135	135-027B	19.435	4.567	1.121	1.926	3.142	66.97	35.395	138.886	4.586	2.915	154.144	5.687	-31.575
135	135-040A	19.482	3.046	2.18	2.387	3.407	56.568	56.568	160.151	5.699	2.777	143.281	5.225	0
135	135-040B	20.396	3.283	1.336	1.936	2.957	60.611	34.165	157.099	5.855	3.082	142.29	4.619	-26.446
135	135-031A	21.052	4.4	2.591	2.384	3.627	41.546	41.546	147.004	6.566	3.573	171.45	6.991	0
135	135-031B	20.345	4.057	2.12	2.678	4.544	43.806	43.806	142.988	7.221	3.696	173.206	6.177	0
135	135-035A	18.773	2.876	2.029	2.108	3.694	61.531	61.531	142.432	5.739	3.004	156.037	4.904	0
135	135-035B	18.585	2.941	2.213	2.339	4.083	48.723	48.723	145.882	5.987	3.03	165.395	5.154	0
135	135-016A	25.292	5.662	1.939	2.279	3.724	68.866	33.223	133.091	6.795	3.072	158.043	7.601	-35.643
135	135-023A	22.515	5.605	1.701	3.506	6.203	61.227	34.139	149.855	8.571	4.455	148.919	7.305	-27.088
135	135-023B	23.691	7.442	1.887	4.203	6.314	73.73	33.631	144.789	8.641	4.557	141.481	9.329	-40.099
135	135-034A	19.681	4.185	1.7	2.09	3.836	42.887	42.887	151.629	5.679	2.968	165.484	5.885	0
135	135-034B	19.31	3.508	1.283	2.042	3.159	61.132	48.316	150.594	5.164	3.241	148.274	4.79	-12.816
135	135-010A	25.55	5.581	2.012	2.512	NA	91.972	59.898	115.424	7.687	4.39	152.604	7.593	-32.074
135	135-010B	26.607	6.559	2.181	3.751	5.698	93.096	54.462	118.627	7.704	4.204	148.277	8.74	-38.634
135	135-024A	24.309	6.213	1.464	2.948	4.082	77.995	33.123	126.51	7.184	3.619	155.495	7.677	-44.872
135	135-024B	25.173	6.234	1.704	3.46	5.201	61.47	27.703	144.229	8.155	3.334	154.301	7.938	-33.767
135	135-009A	25.372	6.699	2.195	3.453	6.137	42.322	20.724	143.654	9.259	4.214	174.024	8.894	-21.598
135	135-020A	21.448	5.922	2.74	3.146	5.121	59.739	31.903	145.235	7.592	3.136	155.026	8.661	-27.836
135	135-020B	20.875	6.632	3.16	3.374	6.008	51.162	30.488	142.496	7.993	3.834	166.342	9.792	-20.674
135	135-025A	23.492	8.835	2.81	3.814	6.344	66.651	41.608	136.563	10.303	3.603	156.786	11.645	-25.043
135	135-025B	24.835	7.517	4.98	4.409	6.507	17.746	17.746	162.962	10.979	3.7	179.292	12.497	0
135	135-001A	21.706	5.111	2.098	3.677	4.751	91.578	46.874	134.208	10.322	3.357	134.214	7.209	-44.704
135	135-001B	21.171	5.093	3.978	3.622	NA	74.979	45.855	137.767	8.584	3.231	147.254	9.07	-29.124
135	135-008A	29.627	7.618	1.255	2.902	6.015	66.464	26.616	133.399	9.135	3.487	160.138	8.873	-39.848
135	135-008B	28.438	6.674	1.817	2.754	6.312	67.071	40.122	133.5	7.582	3.842	159.429	8.491	-26.949
135	135-029A	18.696	3.388	1.764	2.036	2.799	84.414	84.414	121.719	5.642	2.657	153.867	5.152	0
135	135-029B	17.283	2.789	1.211	1.891	2.368	62.582	46.472	146.848	5.035	2.331	150.57	4.001	-16.11
135	135-006A	24.838	7.099	1.578	2.622	6.09	71.704	30.745	127.251	7.025	4.396	161.045	8.677	-40.96
135	135-006B	23.264	6.057	2.14	3.143	5.51	52.924	24.672	131.651	6.446	3.737	175.426	8.197	-28.252
135	135-032A	21.967	4.512	0.669	1.878	2.846	37.338	23.796	136.271	3.702	2.758	186.391	5.181	-13.542
135	135-032B	23.132	4.067	1.185	1.766	2.786	83.748	43.204	139.354	4.014	2.627	136.898	5.252	-40.544
135	135-005A	28.955	6.103	2.885	3.138	5.347	72.693	34.894	126.65	8.03	4.262	160.657	8.988	-37.799
135	135-022A	24.568	4.881	2.954	3.092	4.249	76.715	45.493	137.98	7.525	2.59	145.305	7.835	-31.222
135	135-022B	25.218	5.504	2.71	3.09	5.165	64.467	35.059	142.405	7.188	3.295	153.128	8.214	-29.408
135	135-015A	26.589	5.771	2.557	3.011	5.684	55.854	36.382	143.965	7.591	3.956	160.182	8.328	-19.472
135	135-015B	27.216	4.996	2.805	2.899	4.296	66.372	39.572	139.425	7.613	3.508	154.203	7.801	-26.8
135	135-026A	28.062	7.253	2.403	3.075	4.42	87.492	51.524	125.442	6.763	3.054	147.067	9.656	-35.968
135	135-026B	23.787	6.523	1.435	2.886	4.262	54.075	32.659	133.422	8.133	2.655	172.503	7.958	-21.416
135	135-036A	20.588	4.4	1.83	2.596	4.756	30.64	30.64	155.298	6.853	3.685	174.062	6.23	0
135	135-036B	19.529	4.278	2.281	2.083	4.356	38.993	38.993	152.981	6.528	3.336	168.026	6.558	0
135	135-039A	19.718	3.455	1.485	1.801	3.122	75.905	54.237	144.169	5.809	2.662	139.926	4.94	-21.668
135	135-039B	19.799	2.908	1.788	1.962	2.99	75.62	52.633	149.136	5.708	2.642	135.245	4.696	-22.987
135	135-014A	30.22	6.639	1.5	3.298	5.016	45.371	24.722	135.41	7.834	3.939	179.218	8.139	-20.65
135	135-014B	27.497	4.412	3.032	3.165	4.623	31.356	31.356	140.549	7.846	3.896	188.096	7.444	0
135	135-002A	26.53	5.731	2.37	3.65	4.866	62.773	26.775	136.956	7.654	3.678	160.271	8.101	-35.997
135	135-011A	26.212	4.607	1.91	3.634	5.006	65.195	40.078	130.857	9.125	3.862	163.948	6.517	-25.117