pop	ID	long_stamen_length	short_stamen_length	pistil_length	nectary_area_1	nectary_area_2
129	129-002	22.012	19.228	25.207	1.029	1.170
129	129-016A	19.138	17.310	21.999	1.481	1.246
129	129-016B	19.181	17.260	22.216	0.950	0.930
129	129-008	23.597	19.779	25.550	1.268	1.038
129	129-003	25.331	21.962	24.494	1.735	1.930
129	129-004	26.095	22.737	27.402	1.507	1.203
129	129-006A	25.859	23.193	27.198	0.888	0.949
129	129-006B	26.164	23.237	28.301	0.910	0.808
129	129-009	22.055	20.967	25.707	1.098	1.018
129	129-012	25.304	21.894	25.471	1.073	1.255
129	129-010	25.064	21.805	25.094	1.003	1.149
129	129-015A	21.018	19.401	NA	1.208	1.282
129	129-015B	21.506	17.996	22.511	1.350	1.208
129	129-014A	24.124	21.247	25.669	1.697	1.383
129	129-014B	24.213	21.644	25.335	1.579	1.330
129	129-007A	20.733	18.288	21.922	1.227	1.433
129	129-007B	NA	NA	NA	1.500	1.786
129	129-005	23.633	20.501	24.013	1.089	1.152
129	129-001A	25.058	20.645	24.129	1.070	1.080
129	129-001B	24.953	20.503	24.227	1.149	1.073
129	129-011	25.712	23.032	27.018	1.376	1.172
129	129-013	23.989	21.329	26.704	1.255	1.063
129	129-018	22.653	19.985	23.053	1.277	1.439
129	129-019	23.042	19.913	26.030	1.563	1.542
129	129-032	26.618	24.650	34.406	1.264	1.091
129	129-045	26.108	23.004	30.119	1.035	0.818
129	129-033	29.179	24.152	36.778	0.961	0.912
129	129-022	25.880	21.793	30.027	0.822	0.841
129	129-020	18.677	14.976	28.923	0.483	0.554
129	129-024	24.433	20.366	31.554	0.969	0.878
129	129-027	21.726	21.872	31.682	0.654	0.658
129	129-049	28.070	22.754	32.837	1.098	0.791
129	129-047	32.233	26.686	33.402	1.115	0.886
129	129-029	26.906	23.866	35.998	0.790	0.759
129	129-025A	30.370	26.722	36.049	1.104	0.739
129	129-025B	28.503	25.333	33.539	1.165	1.070
129	129-041	28.658	23.977	33.678	1.007	1.126
129	129-037	28.029	25.372	33.625	0.857	1.070
129	129-044	26.786	24.788	32.984	0.570	0.640
129	129-028	23.239	20.003	27.464	0.533	0.548
129	129-042	27.344	24.307	31.471	1.113	1.030
129	129-021	22.636	20.810	30.459	0.996	0.752
129	129-040	25.290	21.447	30.708	1.017	0.975
129	129-017A	27.032	23.871	31.164	1.717	1.623
129	129-017B	27.396	23.759	31.332	1.808	2.112
129	129-030	29.454	24.708	33.249	0.866	0.693
129	129-038A	33.300	27.273	34.166	1.111	0.996
129	129-051	NA	21.276	NA	0.986	NA
129	129-048	28.493	24.307	33.643	0.561	0.689
129	129-043A	24.976	22.196	31.279	1.071	0.856
129	129-043B	24.527	22.434	32.763	1.122	0.977
129	129-038B	32.003	29.579	35.384	0.880	0.895
129	129-023	17.741	14.894	24.206	1.320	1.039
129	129-046	24.542	22.254	31.083	NA	NA
129	129-026	26.159	23.372	29.572	0.664	0.944
129	129-050	28.185	23.573	30.500	0.667	0.965
129	129-034	28.238	25.926	37.533	1.037	1.374
129	129-039	22.666	18.680	27.467	NA	NA
129	129-035	29.249	NA	35.109	0.979	NA
129	129-036	29.465	24.252	32.702	0.591	0.751
129	129-031A	26.242	19.622	31.780	0.630	0.532
129	129-031B	NA	NA	31.439	0.820	0.797
129	129-056B	26.103	24.816	26.908	1.449	1.639
129	129-072A	28.181	24.181	26.826	1.397	1.162
129	129-072B	28.589	24.850	26.843	1.590	1.443
129	129-071A	27.749	24.765	25.773	2.183	1.789
129	129-071B	26.779	23.754	28.355	2.131	2.223
129	129-063A	25.830	22.108	26.521	1.925	1.780
129	129-063B	25.555	21.680	25.683	1.866	1.928
129	129-067A	26.160	21.456	26.553	1.879	1.665
129	129-067B	26.021	22.629	26.640	1.429	1.619
129	129-064A	25.550	22.033	25.718	1.336	1.255
129	129-064B	25.654	22.068	26.326	1.343	1.370
129	129-080A	NA	NA	NA	NA	NA
129	129-080B	26.228	22.291	26.035	1.099	1.163
129	129-065A	22.833	19.836	23.741	1.208	1.426
129	129-065B	21.391	19.006	21.809	1.355	NA
129	129-053A	27.638	23.780	27.593	2.055	1.886
129	129-053B	26.012	22.650	26.920	1.611	1.322
129	129-074A	28.557	25.430	28.378	1.925	1.344
129	129-074B	27.580	24.899	27.916	1.312	1.146
129	129-069A	26.151	22.766	27.746	1.343	1.308
129	129-069B	26.566	22.773	26.353	1.451	1.439
129	129-068A	25.719	22.598	26.625	1.870	1.810
129	129-068B	26.193	22.246	25.145	1.689	1.660
129	129-073A	25.595	22.264	28.289	1.562	1.252
129	129-073B	25.651	22.515	27.397	1.033	1.377
129	129-052A	25.574	23.967	28.551	2.257	NA
129	129-052B	24.920	23.553	28.636	2.419	1.998
129	129-054A	25.692	23.211	25.969	1.657	1.490
129	129-054B	26.317	23.332	26.998	2.023	1.634
129	129-056A	25.935	22.985	26.971	2.251	1.663
129	129-060A	27.241	24.722	28.285	0.950	0.982
129	129-060B	26.836	24.758	27.722	1.407	0.964
129	129-076A	21.077	17.621	24.104	1.034	0.897
129	129-076B	21.867	18.153	24.407	1.345	1.282
129	129-077A	27.568	24.178	30.313	2.068	1.676
129	129-077B	26.467	24.957	28.130	1.869	2.010
129	129-066A	25.765	22.356	25.954	0.815	0.874
129	129-066B	27.011	23.270	27.268	0.769	0.758
129	129-062A	27.788	24.242	29.400	1.056	1.054
129	129-062B	26.405	22.751	27.013	0.912	0.716
129	129-055A	28.087	24.815	28.734	1.742	1.803
129	129-055B	29.507	25.358	29.652	1.857	1.559
129	129-057A	25.532	21.813	24.912	1.341	0.980
129	129-057B	26.525	22.164	25.446	1.541	1.130
129	129-059A	26.046	23.487	28.457	0.768	1.029
129	129-059B	27.040	24.517	28.689	0.951	0.925
129	129-058A	26.880	23.842	26.327	1.984	1.702
129	129-058B	26.353	23.524	26.298	1.640	1.872
129	129-061A	27.831	24.850	26.129	0.831	0.852
129	129-061B	27.877	24.554	26.511	0.959	0.909
129	129-078A	25.094	22.293	24.270	1.128	1.131
129	129-078B	24.128	21.928	24.124	1.182	1.015
129	129-075A	23.334	19.430	26.651	0.725	0.567
129	129-075B	24.697	20.794	27.668	0.871	0.831
129	129-079A	27.429	24.225	26.778	1.648	1.673
129	129-079B	28.334	23.964	27.631	1.846	1.725
129	129-070A	25.179	22.656	26.464	1.449	1.495
129	129-070B	NA	21.911	NA	0.929	0.958
129	129-128A	30.446	25.364	32.725	1.850	1.726
129	129-128B	28.116	23.883	31.468	1.459	1.798
129	129-089A	25.641	22.543	30.790	1.350	1.315
129	129-089B	26.603	22.259	30.575	1.405	1.139
129	129-081A	24.412	20.719	29.045	1.064	0.732
129	129-081B	23.907	21.235	28.547	0.870	0.930
129	129-083A	26.124	21.591	30.623	1.186	1.446
129	129-083B	24.721	21.165	30.162	1.113	1.089
129	129-085A	26.570	23.972	26.801	1.632	1.659
129	129-085B	26.740	23.738	29.224	2.084	2.030
129	129-088A	24.885	21.000	27.024	1.153	1.060
129	129-088B	24.335	20.624	28.087	1.131	1.059
129	129-103A	27.001	23.539	29.914	1.545	1.232
129	129-103B	26.580	22.187	29.321	1.667	1.542
129	129-101A	25.222	23.129	27.996	1.252	1.331
129	129-101B	25.449	23.691	29.055	1.221	0.995
129	129-137A	29.340	24.148	34.369	0.951	1.082
129	129-086A	27.452	23.649	32.845	1.960	1.912
129	129-086B	27.224	24.538	32.529	1.467	1.308
129	129-113A	31.087	25.576	34.244	1.141	1.117
129	129-093A	27.575	23.888	30.522	1.522	1.612
129	129-093B	27.840	23.873	28.791	1.449	1.234
129	129-094A	25.964	23.618	26.581	1.787	1.291
129	129-094B	28.087	24.850	27.935	1.302	1.153
129	129-099A	28.023	24.147	28.756	1.708	1.797
129	129-099B	27.955	23.667	28.482	1.470	1.889
129	129-106A	25.833	21.621	33.369	0.902	0.971
129	129-112A	24.887	22.722	29.153	0.509	0.875
129	129-112B	25.159	23.419	NA	NA	NA
129	129-091A	25.226	22.836	28.021	1.004	NA
129	129-091B	26.567	23.045	29.300	1.345	1.081
129	129-121A	30.570	21.923	37.071	0.947	0.980
129	129-121B	30.354	22.657	36.436	1.051	1.030
129	129-148A	26.244	20.851	30.404	0.733	NA
129	129-123A	29.458	24.781	37.014	1.128	0.915
129	129-126A	26.219	22.288	28.421	0.732	NA
129	129-084A	25.798	22.288	25.471	1.558	1.354
129	129-084B	25.825	21.889	25.342	1.060	1.146
129	129-108A	26.451	21.352	31.598	0.609	NA
129	129-095A	29.456	25.224	29.631	1.735	1.440
129	129-095B	28.815	25.266	29.851	1.725	1.747
129	129-139A	30.807	27.101	36.719	1.256	1.276
129	129-141A	32.960	26.470	38.529	0.903	0.821
129	129-141B	32.452	26.692	39.972	1.278	1.157
129	129-109A	27.785	25.153	36.103	1.750	1.727
129	129-109B	29.034	23.461	34.598	1.249	1.469
129	129-116A	24.880	22.125	28.907	1.964	2.305
129	129-116B	26.140	22.468	28.493	1.874	1.546
129	129-096A	27.355	22.727	28.582	1.006	1.266
129	129-096B	27.358	23.756	28.919	1.486	1.504
129	129-135A	31.098	25.561	36.890	0.925	1.016
129	129-135B	33.219	27.157	38.295	1.305	1.075
129	129-117A	32.346	28.659	NA	1.324	1.233
129	129-117B	26.015	25.755	30.319	1.314	1.111
129	129-111A	27.052	22.131	33.135	1.061	1.065
129	129-111B	26.662	21.878	33.156	NA	NA
129	129-115A	24.259	20.087	27.705	0.457	NA
129	129-115B	24.969	21.752	28.638	0.330	0.404
129	129-131A	24.629	20.694	31.980	1.040	0.884
129	129-130A	28.133	24.012	30.724	1.388	1.210
129	129-136A	28.847	25.356	36.302	1.000	1.050
129	129-136B	29.648	24.079	38.770	1.133	0.964
129	129-143A	27.294	23.228	29.253	0.819	0.844
129	129-143B	27.143	23.170	30.316	0.697	0.604
129	129-150A	27.202	24.539	29.993	1.892	1.493
129	129-150B	30.093	26.430	30.073	1.329	1.060
129	129-146A	27.907	22.796	30.770	1.610	1.223
129	129-146B	27.310	22.340	31.393	1.184	1.318
129	129-110A	32.081	26.138	33.975	1.055	1.073
129	129-110B	32.379	25.938	35.175	1.280	0.895
129	129-142A	26.245	24.918	29.001	0.875	NA
129	129-142B	29.886	29.533	32.062	0.908	NA
129	129-132A	26.016	23.190	28.099	0.742	0.786
129	129-132B	27.563	23.823	29.555	1.008	0.864
129	129-129A	30.795	23.701	36.581	0.996	0.986
129	129-129B	31.834	25.014	36.808	1.199	1.213
129	129-100A	27.981	24.706	30.718	0.550	0.846
129	129-100B	27.284	22.893	30.416	0.834	0.702
129	129-125A	25.448	22.060	30.572	1.017	0.862
129	129-120A	26.740	23.399	28.289	0.972	1.056
129	129-120B	27.269	24.137	27.145	1.303	1.072
129	129-138A	23.584	22.574	27.469	1.341	1.345
129	129-138B	29.267	25.972	30.244	1.903	1.851
129	129-133A	28.402	22.957	30.957	1.272	1.140
129	129-133B	29.396	23.932	32.289	1.416	1.189
129	129-145A	27.813	25.257	NA	1.275	0.795
129	129-145B	27.399	22.782	32.360	1.347	1.058
129	129-124A	24.282	24.125	29.273	0.925	0.753
129	129-124B	27.501	22.686	28.294	0.532	0.582
129	129-122A	30.958	24.777	33.714	1.327	1.336
129	129-122B	27.696	23.179	30.158	1.261	1.169
129	129-098A	28.271	23.401	29.728	1.501	1.527
129	129-098B	27.377	23.057	27.310	1.075	1.092
129	129-144A	29.093	25.266	35.384	0.777	0.838
129	129-147A	25.987	21.591	31.250	0.974	1.140
129	129-147B	26.351	20.686	31.821	0.892	1.016
129	129-149A	28.173	21.708	32.806	0.840	1.181
129	129-149B	29.984	23.156	33.337	0.957	1.167
129	129-082A	26.187	22.588	28.859	1.088	NA
129	129-082B	27.314	23.319	28.775	1.254	1.155
129	129-092A	25.319	21.590	23.978	1.410	1.284
129	129-092B	25.536	21.838	22.158	1.101	1.030
129	129-097A	24.836	22.304	25.538	0.995	0.917
129	129-097B	25.595	23.276	26.946	1.038	1.006
129	129-134A	31.005	28.066	37.480	1.175	1.157
129	129-134B	31.872	27.714	38.333	1.488	1.261
129	129-087A	26.510	22.981	26.234	1.310	1.092
129	129-087B	26.072	22.115	26.911	1.606	1.323
129	129-119A	29.341	24.618	30.204	1.474	1.022
129	129-119B	28.091	24.150	28.344	1.342	0.907
129	129-090A	30.560	27.986	34.021	1.048	0.984
129	129-107A	25.368	20.792	26.822	0.705	0.882
129	129-107B	24.801	20.435	25.311	0.991	0.767
129	129-104A	28.665	24.340	27.779	1.341	1.466
129	129-104B	27.972	23.952	27.587	1.547	1.431
129	129-118A	24.948	23.248	26.974	1.066	1.053
129	129-118B	29.412	26.320	31.319	1.554	1.414
129	129-127A	26.680	21.925	28.803	1.162	0.932
129	129-127B	28.392	22.645	31.035	0.891	0.982
129	129-105A	27.589	23.040	29.017	1.208	1.142
129	129-105B	27.711	22.404	28.782	1.416	1.267
129	129-140A	30.995	27.385	31.481	1.388	1.564
129	129-140B	30.007	26.653	31.457	1.406	1.477
129	129-102A	25.605	22.427	30.220	1.031	NA
129	129-102B	24.339	21.486	27.616	1.094	1.145
129	129-114A	27.843	22.613	28.302	1.312	NA
129	129-114B	25.405	21.976	28.117	1.572	1.491
131	131-006A	20.935	19.008	20.478	0.643	0.720
131	131-006B	22.199	19.416	20.254	0.738	0.715
131	131-023A	23.805	20.008	25.290	0.956	0.865
131	131-023B	20.139	19.404	24.439	0.778	0.706
131	131-031A	26.776	24.133	28.268	0.901	1.034
131	131-031B	26.469	24.291	27.906	1.075	0.814
131	131-021A	23.545	19.606	27.587	1.496	1.652
131	131-021B	24.353	19.817	25.733	1.760	1.834
131	131-009A	19.442	16.903	23.154	0.927	1.041
131	131-009B	23.529	20.077	24.809	0.802	0.729
131	131-004A	21.947	19.670	24.191	0.978	0.884
131	131-004B	22.265	19.521	23.261	1.171	1.190
131	131-008A	23.484	20.652	21.531	0.857	0.889
131	131-008B	23.652	20.232	21.707	0.881	0.853
131	131-019A	25.727	22.043	26.154	1.325	1.254
131	131-019B	25.396	22.062	26.126	1.107	0.853
131	131-001A	26.834	22.727	27.764	1.855	1.706
131	131-001B	26.550	23.091	27.101	1.829	1.560
131	131-015A	25.530	23.519	25.657	0.877	0.996
131	131-015B	24.352	22.722	24.919	0.683	NA
131	131-011A	27.042	24.782	26.586	1.320	1.453
131	131-011B	25.774	24.792	27.119	1.543	1.359
131	131-026A	22.014	20.321	23.752	0.679	0.616
131	131-026B	23.482	20.614	24.457	0.629	0.576
131	131-013A	24.677	20.933	27.485	1.218	1.329
131	131-013B	25.208	22.062	27.691	1.087	1.000
131	131-032A	26.180	22.619	29.443	1.740	1.751
131	131-032B	25.239	21.762	NA	1.860	NA
131	131-033A	25.244	22.352	27.381	1.563	1.316
131	131-033B	27.151	24.641	28.759	1.429	1.203
131	131-036A	21.900	19.490	22.368	1.046	1.026
131	131-036B	25.405	23.195	25.901	1.067	NA
131	131-002A	22.620	19.431	26.118	1.200	1.341
131	131-002B	22.466	19.191	26.116	0.935	1.028
131	131-024A	26.864	23.571	30.263	1.852	1.594
131	131-024B	24.390	22.977	27.833	1.380	1.845
131	131-038A	25.194	21.804	25.271	1.433	1.044
131	131-038B	23.705	21.750	24.691	1.069	1.132
131	131-040A	25.024	22.637	26.804	1.181	NA
131	131-040B	25.394	22.377	29.030	1.141	0.899
131	131-020A	27.203	23.637	28.303	1.740	1.522
131	131-020B	27.030	24.164	28.938	1.639	NA
131	131-027A	27.328	24.029	30.745	1.495	1.540
131	131-027B	27.222	24.155	29.350	1.800	1.546
131	131-017A	27.118	26.414	27.566	0.996	NA
131	131-017B	25.132	23.688	26.051	1.620	NA
131	131-035A	25.756	23.268	30.075	1.313	1.189
131	131-035B	25.461	22.756	28.488	1.048	1.126
131	131-007A	24.644	22.074	23.500	1.426	1.423
131	131-007B	24.434	22.418	23.270	1.333	1.582
131	131-030A	21.709	18.129	23.841	1.277	1.301
131	131-030B	24.197	20.416	25.461	1.018	1.085
131	131-012A	NA	NA	23.214	1.183	0.994
131	131-012B	18.918	17.231	22.156	1.271	1.053
131	131-022A	29.216	26.337	26.143	2.105	2.178
131	131-022B	29.596	26.507	26.827	2.089	1.933
131	131-016A	25.897	22.590	26.599	1.108	1.384
131	131-016B	24.221	21.517	24.756	0.895	0.982
131	131-025A	25.164	22.190	24.341	1.249	1.379
131	131-025B	23.444	21.277	20.785	1.156	0.748
131	131-034A	24.361	20.888	25.444	1.445	1.306
131	131-034B	24.875	21.704	27.168	1.114	1.514
131	131-010A	24.927	23.064	NA	0.665	0.657
131	131-010B	23.186	21.255	26.428	0.908	0.804
131	131-028A	24.903	23.196	22.307	1.057	0.782
131	131-028B	25.763	22.289	24.733	1.094	1.281
131	131-005A	22.342	18.937	24.537	0.997	1.251
131	131-005B	21.513	18.437	22.778	0.734	0.978
131	131-018A	24.732	21.926	24.555	2.513	2.354
131	131-018B	25.739	22.541	25.729	2.161	2.390
131	131-003A	24.211	21.546	24.058	1.460	1.447
131	131-003B	23.889	21.032	23.886	1.474	1.276
131	131-039A	26.792	22.244	26.932	1.861	1.540
131	131-039B	26.584	23.020	NA	1.800	NA
131	131-014A	24.610	22.562	25.824	1.520	1.102
131	131-014B	22.421	21.196	24.783	1.187	1.443
131	131-037A	20.867	18.482	25.750	1.141	1.164
131	131-037B	21.096	18.271	24.195	1.093	0.899
131	131-029A	23.619	20.895	23.063	1.352	0.992
131	131-029B	23.825	20.498	24.466	1.210	1.226
131	131-045A	26.743	24.335	27.906	1.343	1.751
131	131-045B	25.889	24.008	27.225	1.280	1.892
131	131-041A	25.293	22.512	25.331	1.337	1.219
131	131-041B	25.897	21.520	26.492	1.379	1.252
131	131-043A	25.690	23.997	27.591	1.264	1.105
131	131-043B	25.220	24.013	27.029	0.936	0.986
131	131-042A	26.338	22.528	27.049	1.556	1.502
131	131-042B	26.391	22.867	28.288	1.419	1.661
131	131-044A	25.468	22.311	29.775	1.262	1.219
131	131-044B	25.974	22.800	29.470	1.327	NA
132	132-033A	29.264	26.891	35.614	0.904	0.883
132	132-019A	25.325	22.843	30.186	0.684	0.844
132	132-018A	27.065	22.102	35.577	0.819	0.953
132	132-012A	30.204	26.106	35.004	1.536	NA
132	132-014A	25.922	21.195	27.572	1.107	1.295
132	132-014B	27.656	22.140	31.358	1.084	1.288
132	132-010A	27.671	24.661	29.002	0.999	0.832
132	132-010B	28.012	25.077	28.907	1.346	0.845
132	132-006A	32.195	26.703	30.522	1.708	1.314
132	132-006B	32.606	27.594	31.505	1.211	1.666
132	132-001A	27.854	24.151	28.090	1.115	1.051
132	132-001B	26.943	23.802	27.261	1.248	1.299
132	132-007A	30.064	28.010	29.834	1.133	1.201
132	132-007B	29.565	27.653	28.656	0.854	0.983
132	132-004A	29.456	27.410	31.413	0.728	0.647
132	132-004B	28.668	26.787	31.571	0.885	0.786
132	132-002A	26.024	23.828	26.504	0.770	NA
132	132-002B	26.615	24.201	26.346	1.393	1.405
132	132-017A	28.550	25.161	29.823	1.136	1.037
132	132-017B	28.707	25.744	30.738	1.106	1.181
132	132-008A	26.322	23.209	29.579	1.304	1.222
132	132-008B	28.067	23.906	31.735	1.677	1.471
132	132-043A	25.740	21.516	27.061	0.746	0.904
132	132-043B	26.786	22.111	28.190	0.801	0.927
132	132-067A	22.141	19.288	26.633	1.057	1.048
132	132-067B	24.808	20.851	28.969	1.502	1.472
132	132-072A	25.621	22.547	27.093	1.317	1.005
132	132-072B	25.806	22.293	27.530	1.520	1.395
132	132-070A	21.462	18.623	24.301	0.864	0.779
132	132-070B	24.704	21.984	25.376	1.090	1.072
132	132-062A	23.565	20.996	25.214	0.831	0.745
132	132-062B	22.247	21.914	23.591	1.256	1.029
132	132-069A	25.204	23.036	28.364	1.182	0.866
132	132-069B	24.478	22.791	28.469	1.135	0.906
132	132-058A	27.250	22.242	30.085	1.410	1.339
132	132-058B	24.439	20.986	28.227	1.026	1.401
132	132-020A	27.103	21.500	30.090	1.172	1.382
132	132-020B	26.298	21.204	27.774	1.111	1.097
132	132-042A	27.445	21.517	30.566	1.292	0.943
132	132-042B	27.913	22.525	31.465	1.027	0.899
132	132-060A	25.561	22.862	26.067	1.068	1.121
132	132-060B	26.631	23.711	27.440	0.953	NA
132	132-051A	29.360	26.399	30.734	1.230	1.293
132	132-051B	28.232	24.029	28.175	0.868	0.873
132	132-077A	26.712	24.623	30.457	1.225	NA
132	132-077B	26.922	24.488	29.656	1.163	0.755
132	132-059A	24.455	21.645	24.408	1.257	0.784
132	132-059B	25.739	22.757	24.523	1.157	1.206
132	132-066A	26.221	22.716	30.538	1.210	1.106
132	132-066B	26.356	23.759	31.961	0.985	0.904
132	132-054A	26.189	22.002	26.735	0.991	0.921
132	132-054B	26.432	23.142	26.994	1.323	1.429
132	132-076A	27.770	24.374	27.585	1.440	1.257
132	132-076B	26.104	23.212	26.941	1.123	NA
132	132-080A	23.938	19.143	30.439	1.233	1.178
132	132-080B	24.513	19.286	28.648	NA	NA
132	132-063A	25.857	23.371	26.874	1.369	1.113
132	132-063B	26.253	23.986	27.719	1.597	1.356
132	132-075A	22.357	18.381	32.906	1.035	1.179
132	132-075B	23.332	18.932	32.799	1.386	0.978
132	132-055A	26.176	23.300	27.738	1.267	0.866
132	132-055B	26.026	23.105	27.712	1.625	1.435
132	132-078A	26.390	23.267	23.333	0.947	1.161
132	132-078B	26.779	23.259	24.886	1.340	1.203
132	132-071A	24.180	20.549	25.986	0.905	0.719
132	132-071B	24.221	20.155	26.693	0.961	0.843
132	132-073A	26.864	23.599	27.953	1.194	1.443
132	132-073B	26.796	23.386	26.786	1.696	1.209
132	132-061A	26.884	25.163	28.354	1.017	1.173
132	132-061B	29.963	24.799	29.242	1.290	1.090
132	132-074A	22.749	20.142	23.818	1.526	1.265
132	132-074B	23.708	20.838	25.100	1.332	NA
132	132-045A	26.219	22.930	24.811	1.176	1.011
132	132-045B	26.130	22.619	24.247	1.110	1.197
132	132-056A	26.338	22.978	29.003	1.299	0.823
132	132-056B	26.089	21.986	29.204	1.002	1.030
132	132-064A	25.402	22.904	25.459	1.489	1.387
132	132-064B	25.439	22.080	25.948	1.262	1.234
132	132-065A	24.341	21.984	21.486	0.718	0.855
132	132-065B	25.131	23.222	22.441	0.681	0.613
132	132-041A	26.134	22.813	29.840	1.357	1.121
132	132-041B	26.095	23.033	29.026	1.199	0.786
132	132-057A	25.861	21.858	27.824	1.381	1.315
132	132-057B	25.763	21.881	27.349	1.501	1.232
132	132-052A	26.033	24.141	30.082	1.317	1.252
132	132-052B	25.506	22.511	28.016	1.363	1.064
132	132-039A	28.002	23.054	31.694	1.275	1.531
132	132-039B	26.592	22.562	30.205	1.391	1.112
132	132-079A	25.273	22.737	26.562	1.051	0.741
132	132-079B	24.882	21.576	NA	1.188	1.122
132	132-034A	24.093	21.598	31.079	1.369	1.571
132	132-034B	26.892	22.832	31.062	1.776	1.769
132	132-046A	27.627	24.156	29.910	1.221	1.251
132	132-046B	26.745	23.826	26.405	1.222	1.085
132	132-036A	NA	26.054	35.144	1.309	1.062
132	132-036B	26.101	21.838	30.278	1.302	NA
132	132-024A	26.120	22.542	26.410	0.940	0.936
132	132-024B	25.948	21.374	30.172	0.904	0.786
132	132-021A	25.677	21.000	27.618	1.059	0.910
132	132-021B	26.442	21.255	26.616	1.475	1.303
132	132-031A	29.411	24.732	28.729	1.634	1.754
132	132-031B	29.556	24.751	29.905	1.512	1.888
132	132-047A	28.625	23.606	30.925	1.023	0.866
132	132-047B	27.547	22.930	30.370	0.885	0.688
132	132-068A	28.565	24.138	27.364	1.062	1.065
132	132-068B	28.841	24.292	27.896	0.802	0.945
132	132-037A	28.360	23.456	31.844	1.765	1.465
132	132-037B	28.403	24.222	30.910	1.804	1.705
132	132-049A	27.050	23.596	24.750	1.290	0.997
132	132-049B	27.660	24.229	26.533	1.391	1.283
132	132-053A	25.250	22.790	28.265	1.437	1.261
132	132-053B	24.377	19.473	28.631	1.166	1.118
132	132-032A	25.074	21.183	26.262	1.180	0.945
132	132-032B	24.689	21.099	26.137	1.016	1.011
132	132-038A	NA	23.799	30.082	1.508	1.446
132	132-038B	27.548	24.274	30.520	1.520	1.629
132	132-011A	27.678	22.876	32.427	1.186	0.982
132	132-011B	26.101	21.832	30.659	1.015	1.140
132	132-048A	25.119	21.155	27.390	1.441	1.496
132	132-048B	26.417	22.472	28.318	1.635	1.622
132	132-029A	26.421	22.340	29.977	0.852	1.043
132	132-029B	26.788	22.005	29.695	0.928	0.945
132	132-050A	25.291	21.213	26.136	1.268	1.284
132	132-050B	25.568	21.755	26.810	1.518	1.567
132	132-013A	27.985	23.094	34.441	1.079	1.270
132	132-013B	27.117	22.550	33.887	1.447	1.319
132	132-027A	27.710	24.779	29.614	0.964	0.855
132	132-027B	27.658	23.439	29.839	1.312	1.249
132	132-028A	27.338	22.851	27.427	1.123	1.347
132	132-028B	28.504	23.605	29.499	1.587	1.570
132	132-026A	24.339	19.429	28.981	1.309	1.331
132	132-026B	24.991	19.968	29.850	1.145	1.188
132	132-015A	21.934	19.371	21.273	1.201	NA
132	132-015B	19.155	17.282	19.462	0.769	NA
132	132-035A	26.643	22.945	32.957	1.197	1.118
132	132-035B	26.564	23.147	32.781	1.329	0.931
132	132-044A	25.035	22.163	24.800	1.088	0.962
132	132-044B	24.623	22.201	26.058	1.015	0.943
132	132-025A	21.914	20.077	27.081	0.999	0.819
132	132-025B	21.405	18.423	24.113	1.043	0.914
132	132-003A	27.459	25.138	23.291	1.465	1.120
132	132-003B	28.132	25.461	23.652	1.379	1.382
132	132-005A	24.433	21.720	25.535	1.431	1.589
132	132-005B	24.824	22.265	26.568	1.554	1.800
132	132-009A	27.619	24.441	25.581	1.518	1.276
132	132-009B	27.228	24.314	25.087	1.348	1.308
132	132-030A	27.899	23.051	28.953	1.191	1.361
132	132-030B	26.767	23.200	29.926	1.303	1.120
132	132-040A	26.227	23.030	31.077	1.636	1.598
132	132-040B	27.292	23.708	33.416	1.773	1.670
132	132-023A	24.994	20.670	29.684	0.874	0.911
132	132-023B	24.484	20.708	28.703	0.888	NA
132	132-016A	26.854	22.290	29.671	1.049	1.270
132	132-016B	26.339	21.011	28.364	1.101	1.135
132	132-022A	26.411	22.557	26.395	1.266	1.078
132	132-022B	25.032	19.143	26.338	1.176	NA
132	132-141A	23.570	22.249	NA	1.513	NA
132	132-141B	NA	23.894	22.823	1.260	1.213
132	132-137A	25.462	23.500	26.257	1.265	1.568
132	132-137B	25.060	21.510	23.958	1.664	1.493
132	132-099A	29.215	24.519	29.468	1.646	1.772
132	132-099B	29.470	25.568	31.003	2.064	2.128
132	132-120A	24.892	20.931	27.891	0.794	0.546
132	132-120B	26.421	23.366	29.289	0.845	0.837
132	132-134A	26.207	22.535	28.057	1.579	1.509
132	132-134B	26.317	22.958	28.959	1.800	1.803
132	132-139A	28.226	24.310	30.086	1.281	1.106
132	132-139B	27.749	24.853	28.803	1.251	1.198
132	132-135A	24.712	20.921	22.205	1.607	1.585
132	132-135B	28.318	25.484	30.573	2.181	1.801
132	132-126A	27.884	23.119	30.740	1.352	1.806
132	132-126B	27.713	23.188	30.269	1.353	1.304
132	132-085A	27.067	23.190	25.570	1.254	1.056
132	132-085B	26.380	23.122	25.101	1.392	1.379
132	132-087A	26.405	23.827	28.681	2.137	1.831
132	132-087B	24.084	22.304	26.819	1.702	1.581
132	132-128A	23.878	21.525	19.902	1.019	1.171
132	132-128B	25.984	22.553	22.376	1.224	1.234
132	132-127A	29.223	24.952	30.193	1.671	1.714
132	132-127B	28.352	24.623	30.125	1.453	1.436
132	132-097A	29.769	24.359	28.991	1.675	1.663
132	132-097B	28.461	23.964	29.557	1.450	1.402
132	132-110A	31.674	31.314	34.775	1.213	NA
132	132-110B	32.377	28.946	36.042	1.086	1.103
132	132-115A	27.586	23.343	32.449	1.114	1.072
132	132-115B	29.971	25.941	37.027	1.392	1.278
132	132-112A	28.982	24.818	29.847	1.145	1.048
132	132-112B	28.340	24.926	29.222	1.110	1.204
132	132-093A	30.282	25.976	33.008	1.334	1.052
132	132-093B	30.444	26.052	32.712	1.408	1.139
132	132-086A	25.285	23.094	25.561	1.318	0.965
132	132-086B	23.451	20.698	25.650	0.983	NA
132	132-094A	27.299	22.890	29.364	1.460	NA
132	132-094B	27.669	22.389	30.749	1.247	1.245
132	132-138A	25.732	22.078	28.765	1.448	1.330
132	132-138B	24.018	20.997	28.167	1.284	NA
132	132-131A	26.252	22.690	28.786	1.385	1.230
132	132-131B	26.315	21.697	28.460	1.559	1.408
132	132-088A	24.198	21.066	26.670	1.020	1.106
132	132-088B	24.281	21.996	25.575	1.026	1.123
132	132-082A	24.937	21.249	21.173	1.523	1.203
132	132-082B	24.304	20.759	23.008	1.302	NA
132	132-114A	26.624	22.529	27.641	1.477	NA
132	132-114B	24.988	22.777	27.439	1.558	1.447
132	132-106A	31.808	25.347	29.934	1.385	1.234
132	132-102A	29.890	26.307	32.006	1.717	1.427
132	132-102B	29.625	24.794	32.142	1.868	2.032
132	132-107A	27.927	24.566	30.987	0.969	0.957
132	132-107B	30.102	27.088	NA	1.154	1.247
132	132-119A	26.690	24.375	24.624	1.920	1.931
132	132-119B	26.504	23.561	25.597	1.361	1.459
132	132-109A	30.240	25.238	34.003	1.023	1.227
132	132-109B	28.809	24.265	32.685	1.528	1.381
132	132-121A	32.331	29.382	34.407	2.012	NA
132	132-121B	32.927	29.274	33.926	1.603	1.969
132	132-100A	26.311	24.669	30.334	1.598	1.304
132	132-100B	25.593	23.633	29.197	1.117	1.030
132	132-136A	25.229	20.599	25.862	0.941	0.832
132	132-136B	26.007	22.040	26.412	0.973	1.208
132	132-116A	24.452	21.885	26.468	1.312	1.096
132	132-116B	25.191	22.924	29.088	1.137	1.255
132	132-090A	25.231	21.602	24.675	2.161	2.032
132	132-090B	25.264	21.044	26.091	1.563	1.798
132	132-143A	25.606	22.746	28.479	1.261	1.308
132	132-143B	26.484	23.481	28.166	1.301	1.339
132	132-124A	29.508	NA	29.311	1.863	NA
132	132-124B	29.215	26.566	27.223	1.431	1.531
132	132-105A	26.793	NA	33.644	NA	NA
132	132-105B	27.398	22.308	32.383	1.463	NA
132	132-091A	22.908	19.125	28.529	0.826	NA
132	132-091B	24.936	20.638	31.057	0.995	0.847
132	132-125A	29.392	26.423	30.453	1.935	2.318
132	132-125B	28.311	23.518	28.912	1.825	1.735
132	132-081A	25.062	22.790	26.718	1.248	1.257
132	132-081B	25.226	22.760	27.807	1.267	1.250
132	132-084A	28.194	25.438	30.841	0.956	NA
132	132-084B	28.737	26.125	30.398	0.859	0.871
132	132-096A	32.438	29.008	32.689	1.012	1.113
132	132-096B	32.202	28.514	32.435	0.923	0.946
132	132-113A	26.524	21.232	30.094	NA	NA
132	132-113B	24.594	20.542	27.414	1.685	NA
132	132-089A	26.128	22.673	28.293	0.938	1.001
132	132-089B	27.302	23.505	28.282	0.965	0.943
132	132-104A	29.727	25.859	32.065	0.867	1.267
132	132-103A	31.331	27.072	36.476	1.521	1.307
132	132-103B	30.229	25.566	33.949	1.082	1.205
132	132-132A	29.172	23.896	31.095	1.699	1.612
132	132-144A	24.773	20.242	26.600	1.523	1.629
132	132-144B	24.914	19.965	26.628	1.593	1.312
132	132-123A	27.614	23.654	27.184	1.425	1.451
132	132-108A	28.294	24.471	31.606	1.095	0.978
132	132-108B	26.422	22.747	30.562	0.976	0.821
132	132-095A	29.282	25.816	29.670	1.378	1.339
132	132-095B	30.771	26.557	31.062	1.838	1.493
132	132-101A	30.850	25.591	34.609	1.465	1.176
132	132-101B	33.282	25.135	36.126	1.646	1.678
132	132-083A	24.585	21.074	24.807	1.239	1.310
132	132-083B	25.842	22.019	25.109	1.342	1.301
132	132-092A	26.137	23.492	27.672	0.944	0.978
132	132-092B	26.138	23.671	26.511	1.343	1.176
132	132-130A	28.162	25.159	29.783	1.793	1.946
132	132-130B	29.093	25.670	29.716	1.693	1.414
132	132-117A	23.317	19.134	27.079	1.138	1.226
132	132-117B	24.197	21.216	26.075	1.360	1.326
132	132-140A	25.538	21.781	27.510	1.333	1.223
132	132-140B	23.980	22.397	26.781	1.133	1.047
132	132-133A	26.221	22.687	27.727	1.409	1.772
132	132-133B	24.834	21.902	26.017	1.345	1.432
132	132-122A	31.405	27.048	35.217	1.19	1.177
132	132-129A	25.101	21.913	26.193	0.974	1.019
132	132-129B	24.135	20.933	25.214	1.137	1.022
132	132-118A	24.238	23.142	28.252	1.124	1.045
132	132-118B	27.658	22.906	32.953	1.172	0.996
132	132-098A	28.469	23.950	28.890	1.830	1.819
132	132-098B	28.559	24.251	29.280	1.600	1.754
132	132-111A	30.393	25.962	30.729	2.117	1.589
132	132-142A	24.282	21.730	23.185	0.888	0.626
132	132-142B	24.007	20.496	22.489	0.677	0.723
132	132-146A	27.455	22.612	30.375	1.262	1.100
132	132-147A	26.018	21.986	28.009	1.178	1.242
132	132-147B	24.761	21.489	26.454	1.160	1.362
132	132-145A	25.184	22.662	25.977	1.224	1.180
132	132-145B	25.410	22.315	24.647	1.146	0.953
133	133-024A	23.841	21.371	34.821	1.216	1.533
133	133-024B	24.758	21.632	34.687	1.610	1.206
133	133-009A	26.400	23.083	27.111	2.095	1.596
133	133-009B	27.429	24.032	27.861	2.128	1.884
133	133-018A	25.361	22.707	27.610	0.927	NA
133	133-018B	24.700	22.486	27.715	0.960	NA
133	133-030A	27.063	23.727	28.887	1.037	0.917
133	133-030B	27.094	22.874	29.052	0.887	0.739
133	133-015A	25.441	23.154	27.403	2.145	2.189
133	133-015B	26.083	23.222	27.555	2.077	1.810
133	133-019A	24.648	21.825	25.051	1.557	1.360
133	133-019B	24.792	21.942	25.833	1.478	1.071
133	133-001A	26.764	22.750	26.342	2.367	2.250
133	133-001B	27.240	23.335	27.159	2.402	1.999
133	133-002A	27.754	25.132	28.700	1.980	1.974
133	133-002B	26.033	23.192	26.397	1.741	1.678
133	133-003A	28.502	23.561	29.515	2.216	1.808
133	133-003B	27.583	22.964	28.431	1.645	1.451
133	133-020A	29.722	26.315	31.547	1.811	1.582
133	133-020B	29.700	26.195	32.293	1.695	1.611
133	133-037A	26.707	23.099	25.729	2.170	2.366
133	133-037B	27.436	23.812	26.656	2.315	2.132
133	133-007A	25.075	22.115	25.689	1.750	1.847
133	133-007B	23.370	20.313	24.695	1.497	1.913
133	133-008A	28.082	24.860	27.894	1.713	1.517
133	133-008B	28.110	24.089	27.837	1.554	1.615
133	133-017A	28.205	24.142	29.819	1.469	1.544
133	133-017B	28.538	25.704	30.586	1.613	1.479
133	133-021A	26.334	21.593	29.262	2.380	2.147
133	133-021B	26.381	22.289	29.592	2.319	2.181
133	133-029A	25.107	22.012	29.109	2.023	2.016
133	133-029B	25.979	21.990	29.273	1.780	2.021
133	133-016A	21.973	19.826	26.292	1.025	1.086
133	133-016B	20.434	17.905	25.004	0.846	0.854
133	133-004A	27.115	23.714	27.006	0.728	0.948
133	133-004B	27.186	23.960	25.978	1.092	0.950
133	133-006A	23.377	20.525	25.467	0.813	0.761
133	133-006B	25.109	22.105	26.878	1.342	1.058
133	133-035A	23.417	19.379	28.569	1.993	NA
133	133-035B	24.514	19.685	28.751	2.043	2.208
133	133-038A	22.875	20.395	24.069	1.032	1.132
133	133-038B	23.645	21.351	24.946	1.300	0.922
133	133-036A	27.629	24.271	28.296	2.122	NA
133	133-036B	26.521	22.887	28.104	1.543	1.626
133	133-034A	25.511	23.127	28.286	1.424	1.166
133	133-034B	24.982	22.788	28.170	1.128	1.164
133	133-011A	20.713	18.097	25.126	1.291	1.365
133	133-011B	21.078	18.001	24.029	1.415	1.285
133	133-039A	26.076	23.347	29.886	1.720	1.526
133	133-039B	27.170	24.517	29.032	1.711	1.646
133	133-005A	23.371	22.043	26.839	0.830	1.117
133	133-005B	23.451	20.483	23.971	1.225	0.746
133	133-023A	23.995	20.949	24.532	1.145	1.256
133	133-023B	24.485	21.372	24.208	1.166	0.899
133	133-022A	24.186	21.405	23.596	1.225	1.460
133	133-022B	23.844	21.428	24.189	1.182	1.323
133	133-010A	26.444	22.964	26.447	1.166	1.153
133	133-010B	27.608	23.589	27.117	1.309	1.098
133	133-028A	26.311	23.763	24.212	1.652	1.670
133	133-028B	26.769	22.499	25.057	1.959	1.328
133	133-032A	26.014	22.188	27.269	1.860	1.747
133	133-032B	27.471	23.165	28.719	2.257	2.128
133	133-014A	29.731	24.709	28.037	2.576	2.408
133	133-014B	29.162	24.122	27.845	2.426	1.899
133	133-012A	28.392	24.385	32.053	1.568	1.440
133	133-012B	28.362	22.292	30.683	1.489	NA
133	133-040A	20.027	18.218	23.953	1.292	1.298
133	133-040B	22.773	19.394	24.487	1.010	1.080
133	133-025A	25.592	22.270	26.741	1.572	1.797
133	133-025B	26.246	22.903	28.091	1.658	1.359
133	133-027A	22.407	20.834	25.375	1.086	1.228
133	133-027B	23.464	21.475	24.997	1.051	0.836
133	133-033A	27.240	25.682	30.975	1.764	1.555
133	133-033B	27.605	24.793	30.242	1.556	1.251
133	133-026A	22.956	19.371	26.270	1.500	1.255
133	133-026B	20.752	16.895	24.673	1.719	1.412
133	133-031A	25.591	22.680	27.608	1.697	1.600
133	133-031B	26.426	23.471	28.235	2.383	2.063
135	135-038A	26.025	23.118	25.074	1.242	1.344
135	135-038B	27.493	23.363	25.184	1.423	1.598
135	135-021A	26.049	20.942	31.924	1.640	1.433
135	135-019A	29.378	23.238	33.881	1.298	NA
135	135-019B	27.889	20.362	32.464	0.984	1.030
135	135-018A	21.192	18.460	23.651	1.061	1.064
135	135-018B	19.422	18.207	24.055	1.377	1.146
135	135-037A	24.701	21.189	26.162	1.549	1.556
135	135-037B	25.299	21.712	26.779	1.692	1.599
135	135-013A	29.869	24.101	32.861	1.411	1.464
135	135-013B	28.487	23.629	31.158	1.463	1.597
135	135-012A	25.003	20.563	28.364	1.420	1.338
135	135-012B	23.344	19.435	27.541	1.143	NA
135	135-003A	23.354	18.842	NA	0.983	0.837
135	135-003B	23.333	18.402	27.017	0.776	0.702
135	135-030A	27.569	22.685	30.818	1.545	1.637
135	135-030B	26.322	22.160	30.841	1.635	1.672
135	135-017A	26.949	23.204	25.609	1.240	NA
135	135-017B	27.506	23.657	26.939	1.525	1.122
135	135-007A	27.542	22.406	30.473	0.993	0.828
135	135-007B	27.294	22.749	31.013	1.366	1.095
135	135-028A	26.096	21.608	24.579	1.334	NA
135	135-028B	26.673	22.792	23.576	1.234	1.142
135	135-033A	27.795	24.975	26.993	1.630	1.628
135	135-033B	28.349	25.325	26.592	2.070	1.792
135	135-004A	27.741	23.701	31.374	0.733	0.641
135	135-004B	27.963	23.645	32.443	0.832	0.678
135	135-027A	23.030	20.147	25.843	1.099	1.145
135	135-027B	23.884	19.989	26.462	1.311	1.152
135	135-040A	24.074	20.285	24.460	1.559	1.605
135	135-040B	25.337	21.801	25.510	1.715	1.690
135	135-031A	26.129	22.125	27.333	1.458	1.645
135	135-031B	26.268	21.357	31.856	1.692	1.601
135	135-035A	25.494	22.782	26.900	1.828	1.742
135	135-035B	25.515	23.285	26.716	2.285	2.029
135	135-016A	25.721	22.616	28.961	0.671	0.474
135	135-023A	24.432	NA	29.975	NA	NA
135	135-023B	26.091	NA	31.627	NA	NA
135	135-034A	25.677	23.237	27.516	1.732	1.429
135	135-034B	25.297	23.218	27.966	1.564	1.525
135	135-010A	26.021	23.575	NA	1.113	0.842
135	135-010B	26.818	23.374	35.075	1.142	0.889
135	135-024A	24.492	23.544	26.961	0.885	0.569
135	135-024B	27.634	20.975	28.832	0.616	0.626
135	135-009A	28.107	24.299	32.970	0.834	0.907
135	135-020A	23.750	19.026	25.030	0.825	0.821
135	135-020B	23.151	18.340	21.040	1.075	0.923
135	135-025A	24.074	19.808	NA	1.423	1.494
135	135-025B	25.552	22.726	27.845	1.442	1.434
135	135-001A	24.468	19.813	NA	0.980	NA
135	135-001B	23.607	20.103	NA	0.821	0.985
135	135-008A	30.598	26.956	33.142	0.855	0.808
135	135-008B	30.040	25.407	31.561	0.783	0.667
135	135-029A	24.185	21.645	23.334	1.323	1.181
135	135-029B	23.846	21.198	19.345	1.245	1.117
135	135-006A	25.923	23.079	30.087	0.861	0.799
135	135-006B	25.633	22.841	29.748	0.634	0.662
135	135-032A	27.073	23.548	26.259	1.587	1.502
135	135-032B	27.761	25.326	27.182	1.360	1.321
135	135-005A	31.272	27.174	32.295	1.306	1.088
135	135-022A	26.669	22.638	30.476	1.138	0.875
135	135-022B	26.359	22.366	31.344	0.967	1.316
135	135-015A	31.127	24.079	31.360	1.345	0.943
135	135-015B	30.051	25.614	32.260	0.884	0.880
135	135-026A	29.948	26.098	34.420	1.610	1.379
135	135-026B	25.548	22.528	27.440	1.212	1.092
135	135-036A	NA	NA	28.925	NA	NA
135	135-036B	19.818	16.953	28.290	0.885	NA
135	135-039A	25.870	21.591	27.387	1.446	1.303
135	135-039B	24.643	20.000	26.991	1.157	NA
135	135-014A	29.823	25.417	32.325	0.818	0.831
135	135-014B	27.715	24.052	28.013	0.999	0.696
135	135-002A	26.616	20.888	28.658	1.384	0.918
135	135-011A	23.795	20.146	31.617	0.953	0.911