accession	lat	lon	elevation
129-001	38.049012	-119.275778	9677
129-002	38.048982	-119.275733	9678
129-003	38.048985	-119.275763	9685
129-004	38.048999	-119.275899	9700
129-005	38.048920	-119.275762	9702
129-006	38.049008	-119.275593	9657
129-007	38.048898	-119.279442	9811
129-008	38.048852	-119.279465	9813
129-009	38.048881	-119.279377	9803
129-010	38.048826	-119.279383	9817
129-011	38.048877	-119.279376	9812
129-012	38.048885	-119.279382	9808
129-013	38.048879	-119.279361	9806
129-014	38.048865	-119.279538	9832
129-015	38.048872	-119.279501	9828
129-016	38.048804	-119.279682	9829
129-017	38.051919	-119.269915	9417
129-018	38.048237	-119.282405	9851
129-019	38.048242	-119.282374	9847
129-020	38.043192	-119.293522	10403
129-021	38.042378	-119.294326	10493
129-022	38.042373	-119.294249	10481
129-023	38.042340	-119.293164	10483
129-024	38.042312	-119.294265	10487
129-025	38.041828	-119.294946	10605
129-026	38.041807	-119.294931	10599
129-027	38.041915	-119.295099	10609
129-028	38.041784	-119.295098	10608
129-029	38.040421	-119.296380	10571
129-030	38.040414	-119.296411	10577
129-031	38.040421	-119.296531	10567
129-032	38.040406	-119.296548	10557
129-033	38.040378	-119.296405	10550
129-034	38.040365	-119.296394	10557
129-035	38.040401	-119.296400	10581
129-036	38.040380	-119.296379	10581
129-037	38.040358	-119.296415	10581
129-038	38.040244	-119.296264	10569
129-039	38.040279	-119.296166	10571
129-040	38.040223	-119.296220	10585
129-041	38.040221	-119.296147	10585
129-042	38.040262	-119.296248	10582
129-043	38.040200	-119.296160	10588
129-044	38.040216	-119.296141	10588
129-045	38.040178	-119.296205	10578
129-046	38.040185	-119.296133	10579
129-047	38.040165	-119.296085	10581
129-048	38.040133	-119.296206	10576
129-049	38.040143	-119.296241	10582
129-050	38.041747	-119.297533	10522
129-051	38.041517	-119.297490	10520
129-052	38.049584	-119.265054	9450
129-053	38.049562	-119.264924	9445
129-054	38.049628	-119.264994	9450
129-055	38.049626	-119.264956	9448
129-056	38.049612	-119.264953	9448
129-057	38.052227	-119.274079	9648
129-058	38.052174	-119.274098	9648
129-059	38.052178	-119.274048	9644
129-060	38.052097	-119.274146	9646
129-061	38.052040	-119.274256	9658
129-062	38.050710	-119.274820	9738
129-063	38.050647	-119.274813	9738
129-064	38.050591	-119.274857	9738
129-065	38.050509	-119.274690	9738
129-066	38.050534	-119.274823	9738
129-067	38.050288	-119.274659	9746
129-068	38.050399	-119.274719	9738
129-069	38.050240	-119.274745	9747
129-070	38.050334	-119.274690	9745
129-071	38.050036	-119.274669	9747
129-072	38.049722	-119.275182	9758
129-073	38.049642	-119.275099	9755
129-074	38.049268	-119.277098	9840
129-075	38.049288	-119.277148	9841
129-076	38.049332	-119.277187	9842
129-077	38.049382	-119.277295	9847
129-078	38.049472	-119.277386	9856
129-079	38.049531	-119.277341	9861
129-080	38.049542	-119.277375	9863
129-081	38.048216	-119.280819	10352
129-082	38.048172	-119.280669	10344
129-083	38.048169	-119.280718	10348
129-084	38.048174	-119.280680	10343
129-085	38.048209	-119.280749	10348
129-086	38.048223	-119.281069	10344
129-087	38.048948	-119.281030	10343
129-088	38.048744	-119.281038	10344
129-089	38.048728	-119.281636	10341
129-090	38.048725	-119.281610	10340
129-091	38.048872	-119.282003	10346
129-092	38.048742	-119.282146	10348
129-093	38.048525	-119.282218	10343
129-094	38.048563	-119.282272	10345
129-095	38.048320	-119.282305	10343
129-096	38.048046	-119.282587	10343
129-097	38.047969	-119.282766	10345
129-098	38.047768	-119.283373	10377
129-099	38.047723	-119.283296	10377
129-100	38.047556	-119.283378	10378
129-101	38.047606	-119.283378	10379
129-102	38.047701	-119.284733	10390
129-103	38.047716	-119.284784	10387
129-104	38.047198	-119.284849	10404
129-105	38.047386	-119.284982	10405
129-106	38.047311	-119.285219	10411
129-107	38.047350	-119.284960	10405
129-108	38.047311	-119.285192	10411
129-109	38.047308	-119.285233	10411
129-110	38.047212	-119.285207	10411
129-111	38.047238	-119.285239	10411
129-112	38.047248	-119.285245	10411
129-113	38.047230	-119.285239	10411
129-114	38.046981	-119.285220	10414
129-115	38.047196	-119.285181	10418
129-116	38.046942	-119.285111	10414
129-117	38.046955	-119.285161	10416
129-118	38.046874	-119.285063	10413
129-119	38.046846	-119.285087	10414
129-120	38.046867	-119.285092	10414
129-121	38.047039	-119.285488	10418
129-122	38.046836	-119.285076	10411
129-123	38.046559	-119.286623	10469
129-124	38.046577	-119.286560	10467
129-125	38.046608	-119.286614	10469
129-126	38.046031	-119.286994	10502
129-127	38.046020	-119.286963	10502
129-128	38.045993	-119.286816	10487
129-129	38.045980	-119.286825	10488
129-130	38.046120	-119.286910	10487
129-131	38.046033	-119.286855	10488
129-132	38.045902	-119.287499	10537
129-133	38.045855	-119.287486	10542
129-134	38.045779	-119.287576	10546
129-135	38.045752	-119.287436	10548
129-136	38.045798	-119.287542	10548
129-137	38.045748	-119.287439	10549
129-138	38.045597	-119.287352	10550
129-139	38.045619	-119.287347	10550
129-140	38.045597	-119.287352	10552
129-141	38.045605	-119.287349	10552
129-142	38.045605	-119.287345	10552
129-143	38.045617	-119.287389	10553
129-144	38.045609	-119.287386	10552
129-145	38.045553	-119.287917	10575
129-146	38.045497	-119.287852	10575
129-147	38.045549	-119.287917	10575
129-148	38.045499	-119.287878	10575
129-149	38.045508	-119.287899	10575
129-150	38.045511	-119.287895	10575
130-001	37.950009	-119.261011	9307
130-002	37.949983	-119.260981	9307
130-003	37.949772	-119.261265	9280
130-004	37.949302	-119.259663	9273
131-001	37.429173	-118.750809	10004
131-002	37.429235	-118.750725	10005
131-003	37.429262	-118.750814	10003
131-004	37.429238	-118.750667	9999
131-005	37.429212	-118.750497	9981
131-006	37.429270	-118.750579	9992
131-007	37.429215	-118.750500	9984
131-008	37.429239	-118.750529	9984
131-009	37.429130	-118.750510	9983
131-010	37.429313	-118.750474	9980
131-011	37.429242	-118.750828	10005
131-012	37.428850	-118.750989	10015
131-013	37.428909	-118.750892	10009
131-014	37.428412	-118.751110	10019
131-015	37.428372	-118.751111	10019
131-016	37.428397	-118.751093	10019
131-017	37.428307	-118.751151	10019
131-018	37.428039	-118.751396	10005
131-019	37.428024	-118.751128	10006
131-020	37.428042	-118.751398	10005
131-021	37.428015	-118.751059	10008
131-022	37.428053	-118.751389	10005
131-023	37.427994	-118.751052	10009
131-024	37.428046	-118.751428	10006
131-025	37.426079	-118.752012	9957
131-026	37.426075	-118.752005	9962
131-027	37.425874	-118.751989	9957
131-028	37.425852	-118.751995	9957
131-029	37.425857	-118.751959	9957
131-030	37.425798	-118.751976	9957
131-031	37.425751	-118.751958	9957
131-032	37.425792	-118.751980	9957
131-033	37.425733	-118.752085	9957
131-034	37.425777	-118.751993	9957
131-035	37.424886	-118.752648	9996
131-036	37.425764	-118.752031	9957
131-037	37.425044	-118.752634	9996
131-038	37.425760	-118.752057	9957
131-039	37.424870	-118.752496	9996
131-040	37.424881	-118.752423	9992
131-041	37.409299	-118.757332	10656
131-042	37.415015	-118.755656	10637
131-043	37.416781	-118.755364	10594
131-044	37.420580	-118.754737	10581
131-045	37.422497	-118.753775	10553
132-001	37.397642	-118.755784	10363
132-002	37.397614	-118.755779	10363
132-003	37.397446	-118.755837	10362
132-004	37.397617	-118.755795	10363
132-005	37.397350	-118.755788	10363
132-006	37.397550	-118.755714	10364
132-007	37.396967	-118.755770	10365
132-008	37.397172	-118.755703	10361
132-009	37.396784	-118.755696	10346
132-010	37.396964	-118.755782	10365
132-011	37.395178	-118.755054	10383
132-012	37.395191	-118.755017	10384
132-013	37.395178	-118.755044	10385
132-014	37.395129	-118.755002	10385
132-015	37.395061	-118.755004	10404
132-016	37.395107	-118.754982	10398
132-017	37.395077	-118.754903	10403
132-018	37.395058	-118.754989	10404
132-019	37.395079	-118.754848	10393
132-020	37.395113	-118.754861	10404
132-021	37.395080	-118.754824	10388
132-022	37.395100	-118.754842	10388
132-023	37.394990	-118.754813	10388
132-024	37.395085	-118.754819	10389
132-025	37.395005	-118.754785	10388
132-026	37.395060	-118.754805	10388
132-027	37.395011	-118.754776	10388
132-028	37.395050	-118.754785	10388
132-029	37.395035	-118.754759	10388
132-030	37.395043	-118.754755	10388
132-031	37.394221	-118.754795	10398
132-032	37.394753	-118.754821	10399
132-033	37.394696	-118.754725	10389
132-034	37.394704	-118.754862	10404
132-035	37.394681	-118.754733	10388
132-036	37.394676	-118.754900	10410
132-037	37.394681	-118.754733	10388
132-038	37.394669	-118.754911	10407
132-039	37.394546	-118.754875	10404
132-040	37.394665	-118.754914	10407
132-041	37.394414	-118.754949	10400
132-042	37.394526	-118.754879	10404
132-043	37.394391	-118.755132	10436
132-044	37.394531	-118.754951	10418
132-045	37.394452	-118.755146	10437
132-046	37.394294	-118.755120	10437
132-047	37.394252	-118.755181	10432
132-048	37.394370	-118.755185	10436
132-049	37.394248	-118.755052	10424
132-050	37.394341	-118.755167	10436
132-051	37.394307	-118.755295	10447
132-052	37.394345	-118.755290	10449
132-053	37.393977	-118.755682	10435
132-054	37.394359	-118.755284	10446
132-055	37.393738	-118.755827	10429
132-056	37.393973	-118.755689	10435
132-057	37.393625	-118.756025	10433
132-058	37.393672	-118.755916	10431
132-059	37.393591	-118.756006	10440
132-060	37.393609	-118.755914	10433
132-061	37.393604	-118.756105	10439
132-062	37.393586	-118.756000	10439
132-063	37.393580	-118.756190	10430
132-064	37.393477	-118.756169	10424
132-065	37.393397	-118.756170	10418
132-066	37.393303	-118.756078	10424
132-067	37.393277	-118.756087	10423
132-068	37.393298	-118.755995	10424
132-069	37.393218	-118.756060	10418
132-070	37.393302	-118.755954	10432
132-071	37.393142	-118.755987	10413
132-072	37.393358	-118.755971	10428
132-073	37.393304	-118.755845	10427
132-074	37.393336	-118.755839	10426
132-075	37.393253	-118.755724	10419
132-076	37.393346	-118.755729	10423
132-077	37.393374	-118.755495	10438
132-078	37.393388	-118.755738	10425
132-079	37.393376	-118.755493	10430
132-080	37.393366	-118.755453	10436
132-081	37.390439	-118.757752	11003
132-082	37.390268	-118.757583	11004
132-083	37.390461	-118.757632	11007
132-084	37.390382	-118.757708	11006
132-085	37.390523	-118.757478	11006
132-086	37.390360	-118.757706	11003
132-087	37.390508	-118.757290	10999
132-088	37.390293	-118.757739	11003
132-089	37.390206	-118.757469	10991
132-090	37.390512	-118.757518	11008
132-091	37.390201	-118.757464	10994
132-092	37.390219	-118.757427	10989
132-093	37.390190	-118.757549	10989
132-094	37.390201	-118.757539	10989
132-095	37.390067	-118.757481	10986
132-096	37.390149	-118.757600	10991
132-097	37.390131	-118.757713	10985
132-098	37.390962	-118.755396	10988
132-099	37.389905	-118.757492	10991
132-100	37.391356	-118.754620	10991
132-101	37.390920	-118.754379	10981
132-102	37.391224	-118.753885	11020
132-103	37.390977	-118.755389	10988
132-104	37.391067	-118.753617	11016
132-105	37.391246	-118.753924	11022
132-106	37.390728	-118.753933	11048
132-107	37.391052	-118.753701	11020
132-108	37.390579	-118.754089	11062
132-109	37.390724	-118.753908	11049
132-110	37.391088	-118.753888	10984
132-111	37.391597	-118.753964	10987
132-112	37.392757	-118.754433	10974
132-113	37.392866	-118.754444	10972
132-114	37.392763	-118.754445	10974
132-115	37.392844	-118.754531	10974
132-116	37.392808	-118.754449	10974
132-117	37.395270	-118.756133	10920
132-118	37.392821	-118.754579	10969
132-119	37.395167	-118.756265	10935
132-120	37.395271	-118.756116	10920
132-121	37.395252	-118.756715	10927
132-122	37.395173	-118.756217	10935
132-123	37.395377	-118.757283	10936
132-124	37.395219	-118.756743	10935
132-125	37.395431	-118.757642	10943
132-126	37.395209	-118.756729	10929
132-127	37.396764	-118.760477	10889
132-128	37.395275	-118.756782	10934
132-129	37.396722	-118.760455	10899
132-130	37.395449	-118.757448	10943
132-131	37.397000	-118.760343	10875
132-132	37.395464	-118.757583	10944
132-133	37.397134	-118.760328	10872
132-134	37.396720	-118.760470	10894
132-135	37.397131	-118.760324	10872
132-136	37.397048	-118.760375	10874
132-137	37.397192	-118.760336	10864
132-138	37.397130	-118.760318	10872
132-139	37.397147	-118.760297	10866
132-140	37.397134	-118.760324	10872
132-141	37.397234	-118.760359	10855
132-142	37.397254	-118.760539	10830
132-143	37.397300	-118.760566	10828
132-144	37.397684	-118.760205	10846
132-145	37.397543	-118.760156	10841
132-146	37.397841	-118.758936	10797
132-147	37.397840	-118.758935	10797
133-001	37.416706	-118.767712	10476
133-002	37.416691	-118.767683	10478
133-003	37.416759	-118.767493	10481
133-004	37.416738	-118.767635	10483
133-005	37.416255	-118.767492	10481
133-006	37.416736	-118.767628	10487
133-007	37.416680	-118.767372	10476
133-008	37.416722	-118.767628	10483
133-009	37.416637	-118.767366	10469
133-010	37.416721	-118.767628	10482
133-011	37.416752	-118.767230	10480
133-012	37.416695	-118.767392	10471
133-013	37.416823	-118.767035	10484
133-014	37.416660	-118.767386	10476
133-015	37.416752	-118.766871	10484
133-016	37.416783	-118.767391	10479
133-017	37.416751	-118.766918	10484
133-018	37.416735	-118.767258	10474
133-019	37.416647	-118.766917	10474
133-020	37.416763	-118.767202	10480
133-021	37.416663	-118.766894	10476
133-022	37.416825	-118.767061	10484
133-023	37.416598	-118.766766	10465
133-024	37.416795	-118.766942	10484
133-025	37.416729	-118.766802	10471
133-026	37.416576	-118.766827	10471
133-027	37.416748	-118.766758	10471
133-028	37.416621	-118.766741	10465
133-029	37.416833	-118.766758	10472
133-030	37.416767	-118.766742	10471
133-031	37.416855	-118.766791	10470
133-032	37.416971	-118.766856	10482
133-033	37.416871	-118.766868	10484
133-034	37.416930	-118.766809	10475
133-035	37.416909	-118.766941	10482
133-036	37.416922	-118.766993	10488
133-037	37.416952	-118.766823	10476
133-038	37.416959	-118.766971	10495
133-039	37.416954	-118.766979	10492
133-040	37.417022	-118.767000	10499
135-001	37.421277	-118.773634	11683
135-002	37.421266	-118.773620	11680
135-003	37.421297	-118.773649	11683
135-004	37.421427	-118.773653	11694
135-005	37.421297	-118.773700	11679
135-006	37.421428	-118.773646	11694
135-007	37.421452	-118.773637	11694
135-008	37.421428	-118.773645	11694
135-009	37.421206	-118.773587	11676
135-010	37.421185	-118.773554	11674
135-011	37.421195	-118.773573	11678
135-012	37.420894	-118.773567	11650
135-013	37.420984	-118.773654	11651
135-014	37.419466	-118.772735	11634
135-015	37.419304	-118.772742	11631
135-016	37.419322	-118.772710	11631
135-017	37.419237	-118.772727	11627
135-018	37.419118	-118.772682	11619
135-019	37.418641	-118.772736	11591
135-020	37.418815	-118.772745	11595
135-021	37.418720	-118.772798	11593
135-022	37.418704	-118.772879	11587
135-023	37.418704	-118.772835	11593
135-024	37.418706	-118.772858	11590
135-025	37.418626	-118.772619	11592
135-026	37.418645	-118.772994	11582
135-027	37.418592	-118.772450	11592
135-028	37.418619	-118.772452	11592
135-029	37.418598	-118.772145	11592
135-030	37.418615	-118.772344	11592
135-031	37.418675	-118.772086	11580
135-032	37.418686	-118.772075	11586
135-033	37.418730	-118.764179	10942
135-034	37.418709	-118.771938	11579
135-035	37.419037	-118.762816	10934
135-036	37.418802	-118.771713	11574
135-037	37.419047	-118.762812	11057
135-038	37.421813	-118.759926	10840
135-039	37.421417	-118.758854	10790
135-040	37.427517	-118.752946	10510